1 31
1 84
1 152
1 313
1 1466
1 1467
2 8
2 10
2 11
2 13
2 14
2 17
2 22
2 115
2 131
2 280
2 317
2 403
2 405
2 408
2 420
2 427
2 430
2 431
2 437
2 440
2 443
2 448
2 453
2 621
2 1501
3 24
3 35
3 48
3 106
3 117
3 165
3 169
3 218
3 254
3 952
3 1467
4 10
4 13
4 21
4 25
4 39
4 51
4 74
4 89
4 115
4 123
4 147
4 173
4 317
4 395
4 1468
5 31
6 8
7 9
7 12
7 16
7 40
7 205
7 1467
8 11
8 13
8 14
8 15
8 17
8 19
8 21
8 22
8 39
8 51
8 80
8 131
8 150
8 192
8 200
8 212
8 217
8 280
8 342
8 440
8 529
8 621
8 1487
8 1501
8 1523
9 12
9 1467
10 13
10 14
10 19
10 22
10 38
10 39
10 51
10 80
10 92
10 112
10 127
10 131
10 212
10 216
10 217
10 227
10 239
10 241
10 242
10 275
10 282
10 288
10 290
10 296
10 297
10 308
10 312
10 316
10 326
10 332
10 334
10 335
10 1487
10 1520
10 1524
10 1525
10 1532
10 1535
10 1539
10 1540
10 1541
10 1546
10 1547
11 12
11 13
11 14
11 15
11 1467
12 16
12 35
12 169
12 276
12 1467
13 22
13 38
13 150
13 163
13 221
13 1467
14 17
14 1467
16 24
16 1467
17 19
18 25
18 30
18 1467
19 22
20 38
20 80
20 1467
21 25
21 47
21 50
21 51
21 55
21 57
21 62
21 64
21 68
21 70
21 74
21 75
21 92
21 1472
22 51
22 80
22 150
22 168
22 192
22 403
22 423
22 1467
22 1501
23 38
23 147
23 1467
24 205
24 215
24 254
24 258
24 260
24 282
24 288
24 289
24 290
24 296
24 304
24 311
24 326
24 1467
24 1478
24 1528
24 1533
25 212
25 1467
26 126
26 1467
27 54
27 1467
28 41
28 47
28 49
28 50
28 54
28 67
28 70
28 73
28 82
28 90
28 114
28 395
28 1467
29 49
29 54
29 78
29 114
29 321
29 765
29 1467
29 1503
29 1543
29 1548
30 74
30 92
30 1467
31 55
31 62
31 64
31 70
31 77
31 84
31 99
31 102
31 113
31 119
31 1467
31 1472
31 1474
31 1484
32 38
32 1467
33 49
33 114
33 1467
33 1469
34 38
34 55
34 126
34 462
34 1467
35 47
35 48
35 55
35 64
35 68
35 75
35 76
35 99
35 106
35 129
35 392
35 393
35 1288
35 1467
36 51
37 92
37 1467
38 56
38 110
38 125
38 253
38 272
38 275
38 280
38 403
38 413
38 431
38 483
38 535
38 578
38 658
38 675
38 720
38 738
38 761
38 839
38 996
38 1065
38 1467
38 1485
39 51
39 56
39 74
39 92
39 110
39 126
39 150
39 169
39 171
39 172
39 217
39 280
39 335
39 375
39 462
39 469
39 529
39 535
39 558
39 563
39 565
39 573
39 606
39 612
39 618
39 621
39 622
39 626
39 639
39 681
39 839
39 1467
39 1631
41 49
41 52
41 78
41 409
41 765
41 1467
42 70
42 73
43 92
44 68
44 75
44 1288
45 47
45 50
45 55
45 68
45 75
46 1467
47 49
47 51
47 59
47 60
47 63
47 65
47 70
47 74
47 75
47 82
47 87
47 91
47 94
47 95
47 98
47 101
47 111
47 118
47 143
47 166
47 221
47 225
47 300
47 302
47 329
47 336
47 350
47 359
47 375
47 380
47 394
47 395
47 413
47 696
47 748
47 784
47 805
47 904
47 933
47 937
47 952
47 956
47 991
47 999
47 1002
47 1008
47 1010
47 1041
47 1045
47 1065
47 1075
47 1109
47 1162
47 1242
47 1243
47 1280
47 1314
47 1356
47 1364
47 1365
47 1368
47 1375
47 1380
47 1384
47 1390
47 1396
47 1403
47 1449
47 1467
47 1554
47 1735
47 1752
47 1764
48 51
48 55
48 68
48 75
48 88
48 99
48 106
48 118
48 125
48 129
48 131
48 145
48 161
48 166
48 169
48 187
48 209
48 218
48 359
48 376
48 413
48 738
48 757
48 763
48 802
48 804
48 839
48 862
48 884
48 888
48 904
48 915
48 917
48 936
48 939
48 947
48 952
48 960
48 975
48 983
48 999
48 1007
48 1010
48 1017
48 1022
48 1036
48 1038
48 1039
48 1042
48 1045
48 1052
48 1062
48 1072
48 1094
48 1105
48 1106
48 1123
48 1128
48 1134
48 1140
48 1167
48 1192
48 1211
48 1233
48 1247
48 1270
48 1288
48 1296
48 1313
48 1314
48 1320
48 1345
48 1354
48 1356
48 1363
48 1364
48 1366
48 1374
48 1375
48 1380
48 1385
48 1386
48 1388
48 1467
48 1471
48 1478
48 1506
48 1713
48 1718
48 1726
48 1727
48 1737
48 1738
49 50
49 51
49 61
49 73
49 82
49 90
49 98
49 118
49 125
49 183
49 192
49 206
49 237
49 244
49 331
49 336
49 363
49 368
49 375
49 381
49 395
49 397
49 407
49 723
49 747
49 748
49 779
49 799
49 858
49 862
49 884
49 892
49 899
49 903
49 904
49 909
49 915
49 917
49 936
49 937
49 956
49 960
49 979
49 999
49 1010
49 1019
49 1031
49 1041
49 1043
49 1050
49 1056
49 1064
49 1065
49 1075
49 1078
49 1098
49 1107
49 1109
49 1115
49 1123
49 1149
49 1168
49 1175
49 1185
49 1186
49 1190
49 1202
49 1227
49 1238
49 1271
49 1282
49 1293
49 1303
49 1306
49 1338
49 1352
49 1357
49 1359
49 1365
49 1368
49 1380
49 1383
49 1384
49 1396
49 1398
49 1403
49 1412
49 1418
49 1426
49 1428
49 1430
49 1433
49 1439
49 1467
49 1470
49 1477
49 1699
49 1704
49 1711
49 1721
49 1758
49 1759
49 1763
50 51
50 55
50 59
50 69
50 74
50 92
50 118
50 139
50 166
50 371
50 535
50 736
50 748
50 779
50 787
50 805
50 917
50 952
50 956
50 983
50 991
50 994
50 999
50 1045
50 1046
50 1051
50 1056
50 1057
50 1065
50 1106
50 1112
50 1123
50 1150
50 1157
50 1175
50 1192
50 1243
50 1280
50 1314
50 1319
50 1326
50 1365
50 1380
50 1383
50 1391
50 1397
50 1398
50 1403
50 1428
50 1436
50 1442
50 1467
50 1703
50 1742
50 1758
51 55
51 57
51 61
51 62
51 64
51 68
51 70
51 74
51 75
51 79
51 82
51 91
51 92
51 98
51 105
51 111
51 118
51 122
51 125
51 127
51 131
51 134
51 139
51 141
51 147
51 150
51 159
51 206
51 220
51 221
51 232
51 236
51 239
51 253
51 261
51 331
51 342
51 344
51 349
51 350
51 359
51 368
51 375
51 381
51 388
51 391
51 403
51 406
51 413
51 416
51 440
51 723
51 757
51 763
51 774
51 802
51 804
51 831
51 862
51 884
51 904
51 915
51 917
51 936
51 939
51 950
51 952
51 956
51 960
51 964
51 967
51 975
51 979
51 981
51 983
51 991
51 999
51 1002
51 1010
51 1017
51 1019
51 1022
51 1041
51 1050
51 1057
51 1062
51 1065
51 1080
51 1085
51 1106
51 1109
51 1123
51 1157
51 1167
51 1175
51 1192
51 1243
51 1256
51 1259
51 1270
51 1280
51 1314
51 1320
51 1331
51 1353
51 1354
51 1356
51 1364
51 1365
51 1368
51 1370
51 1375
51 1380
51 1383
51 1384
51 1385
51 1396
51 1398
51 1403
51 1410
51 1420
51 1440
51 1449
51 1467
51 1472
51 1476
51 1478
51 1523
51 1724
51 1735
51 1737
51 1738
51 1739
51 1746
51 1752
51 1753
51 1754
51 1757
51 1759
51 1766
52 409
53 92
53 1467
54 56
54 61
54 98
54 103
54 180
54 220
54 227
54 252
54 253
54 256
54 280
54 296
54 334
54 338
54 412
54 466
54 469
54 494
54 517
54 533
54 583
54 592
54 748
54 950
54 996
54 1013
54 1190
54 1216
54 1467
54 1469
54 1473
54 1491
54 1548
54 1565
54 1566
54 1567
54 1620
54 1634
55 60
55 62
55 63
55 64
55 68
55 72
55 74
55 75
55 80
55 83
55 84
55 88
55 91
55 99
55 101
55 106
55 110
55 111
55 118
55 122
55 125
55 127
55 139
55 156
55 180
55 218
55 225
55 253
55 307
55 331
55 364
55 368
55 375
55 381
55 413
55 738
55 757
55 774
55 784
55 805
55 820
55 839
55 873
55 904
55 916
55 917
55 952
55 983
55 991
55 999
55 1010
55 1017
55 1038
55 1042
55 1045
55 1050
55 1051
55 1065
55 1106
55 1113
55 1123
55 1167
55 1203
55 1237
55 1280
55 1313
55 1314
55 1320
55 1332
55 1354
55 1356
55 1364
55 1365
55 1370
55 1373
55 1374
55 1375
55 1382
55 1385
55 1467
55 1478
55 1737
55 1738
56 61
56 131
56 180
56 202
56 225
56 237
56 239
56 244
56 253
56 307
56 342
56 353
56 377
56 403
56 405
56 411
56 423
56 431
56 453
56 454
56 459
56 469
56 472
56 476
56 506
56 535
56 539
56 549
56 593
56 603
56 619
56 650
56 718
56 723
56 728
56 730
56 746
56 748
56 805
56 1467
56 1650
56 1688
57 62
57 113
57 1467
58 68
59 75
59 395
59 400
59 1467
60 70
60 73
60 83
60 1472
61 98
61 108
61 147
61 157
61 202
61 212
61 227
61 237
61 375
61 459
61 779
61 831
61 845
61 909
61 950
61 994
61 1010
61 1041
61 1057
61 1065
61 1075
61 1112
61 1175
61 1256
61 1283
61 1467
61 1720
62 64
62 74
62 77
62 84
62 86
62 88
62 99
62 101
62 102
62 118
62 119
62 124
62 125
62 127
62 159
62 186
62 256
62 261
62 280
62 344
62 359
62 381
62 383
62 388
62 418
62 738
62 763
62 839
62 862
62 884
62 897
62 904
62 915
62 917
62 936
62 939
62 975
62 979
62 981
62 991
62 996
62 999
62 1010
62 1013
62 1016
62 1017
62 1021
62 1042
62 1055
62 1113
62 1123
62 1156
62 1176
62 1251
62 1313
62 1351
62 1363
62 1382
62 1440
62 1467
62 1472
62 1476
62 1556
62 1576
62 1699
62 1720
62 1738
62 1750
63 64
63 91
63 101
63 122
63 147
63 152
63 163
63 180
63 220
63 1467
63 1473
64 70
64 74
64 80
64 83
64 84
64 86
64 91
64 98
64 110
64 122
64 124
64 125
64 126
64 150
64 159
64 166
64 253
64 355
64 368
64 375
64 381
64 383
64 413
64 802
64 945
64 952
64 967
64 1010
64 1045
64 1084
64 1113
64 1194
64 1198
64 1280
64 1313
64 1355
64 1356
64 1363
64 1364
64 1365
64 1382
64 1384
64 1396
64 1440
64 1449
64 1467
64 1472
64 1746
64 1754
65 74
65 75
65 171
65 232
65 331
65 394
65 413
65 763
65 787
65 804
65 862
65 884
65 904
65 912
65 915
65 917
65 939
65 947
65 956
65 972
65 975
65 983
65 991
65 999
65 1001
65 1010
65 1022
65 1045
65 1062
65 1080
65 1094
65 1105
65 1106
65 1119
65 1123
65 1137
65 1161
65 1174
65 1189
65 1239
65 1247
65 1290
65 1320
65 1330
65 1339
65 1354
65 1364
65 1370
65 1372
65 1375
65 1380
65 1385
65 1437
65 1467
65 1743
65 1762
66 1058
68 71
68 80
68 91
68 106
68 118
68 394
68 413
68 736
68 757
68 809
68 825
68 854
68 862
68 917
68 946
68 947
68 952
68 972
68 975
68 983
68 986
68 995
68 999
68 1007
68 1023
68 1030
68 1045
68 1053
68 1080
68 1094
68 1105
68 1106
68 1119
68 1137
68 1221
68 1260
68 1262
68 1280
68 1302
68 1308
68 1313
68 1320
68 1330
68 1354
68 1370
68 1375
68 1385
68 1386
68 1388
68 1417
68 1467
68 1676
68 1726
70 73
70 74
70 83
70 98
70 111
70 122
70 180
70 221
70 225
70 384
70 402
70 747
70 798
70 858
70 905
70 932
70 943
70 999
70 1012
70 1019
70 1190
70 1225
70 1280
70 1467
70 1470
70 1475
70 1711
72 99
72 1474
73 96
73 368
73 747
73 994
73 1019
73 1280
73 1293
73 1352
73 1368
73 1430
73 1467
74 75
74 88
74 89
74 90
74 91
74 92
74 94
74 97
74 98
74 102
74 105
74 108
74 110
74 112
74 115
74 116
74 118
74 125
74 127
74 134
74 135
74 137
74 139
74 147
74 150
74 169
74 186
74 200
74 202
74 225
74 280
74 284
74 305
74 309
74 314
74 329
74 338
74 342
74 374
74 375
74 376
74 381
74 384
74 387
74 388
74 389
74 391
74 394
74 395
74 397
74 400
74 401
74 410
74 412
74 416
74 431
74 494
74 521
74 839
74 950
74 1467
74 1478
74 1479
74 1480
74 1482
74 1483
74 1485
74 1486
74 1557
74 1558
74 1561
74 1562
74 1563
74 1564
74 1571
74 1575
74 1577
74 1578
74 1579
75 80
75 91
75 139
75 166
75 180
75 305
75 364
75 368
75 372
75 380
75 394
75 736
75 774
75 787
75 805
75 863
75 900
75 911
75 917
75 933
75 946
75 952
75 983
75 999
75 1008
75 1010
75 1045
75 1049
75 1053
75 1057
75 1080
75 1106
75 1121
75 1123
75 1124
75 1138
75 1174
75 1189
75 1280
75 1354
75 1356
75 1364
75 1370
75 1375
75 1380
75 1391
75 1403
75 1437
75 1467
75 1708
76 117
76 1467
77 84
77 1016
77 1467
78 409
78 1467
79 84
79 86
79 89
79 1467
79 1469
80 187
80 253
80 256
80 272
80 293
80 307
80 323
80 326
80 349
80 1467
81 1472
82 87
82 88
82 89
82 92
82 98
82 114
82 116
82 149
82 225
82 284
82 338
82 342
82 371
82 376
82 381
82 384
82 391
82 410
82 494
82 950
82 1467
82 1574
83 84
83 89
83 90
83 91
83 98
83 104
83 105
83 116
83 118
83 125
83 153
83 381
83 391
83 397
83 401
83 424
83 1467
83 1473
83 1562
83 1578
83 1579
84 88
84 89
84 90
84 92
84 98
84 102
84 104
84 113
84 116
84 119
84 124
84 125
84 130
84 137
84 186
84 192
84 208
84 212
84 280
84 331
84 342
84 344
84 376
84 381
84 383
84 384
84 388
84 389
84 406
84 410
84 950
84 1467
84 1472
84 1476
84 1478
84 1556
84 1560
84 1562
84 1568
85 98
85 1469
86 116
86 137
86 839
86 1467
87 98
88 106
88 114
88 117
88 124
88 126
88 130
88 152
88 388
88 950
88 1016
88 1467
88 1481
89 1467
90 123
90 149
90 723
90 788
91 92
91 108
91 115
91 116
91 118
91 122
91 126
91 134
91 136
91 146
91 388
91 950
91 1467
91 1472
91 1482
92 98
92 105
92 109
92 115
92 131
92 139
92 141
92 147
92 156
92 163
92 168
92 171
92 172
92 178
92 183
92 203
92 212
92 237
92 239
92 276
92 317
92 376
92 389
92 395
92 428
92 491
92 780
92 804
92 1225
92 1242
92 1243
92 1320
92 1356
92 1358
92 1375
92 1378
92 1383
92 1403
92 1449
92 1467
92 1468
92 1486
92 1743
93 1472
94 1482
95 368
95 371
95 736
95 747
95 748
95 805
95 845
95 868
95 904
95 909
95 917
95 938
95 956
95 960
95 990
95 999
95 1010
95 1045
95 1064
95 1068
95 1142
95 1149
95 1150
95 1157
95 1273
95 1280
95 1299
95 1311
95 1312
95 1326
95 1337
95 1352
95 1359
95 1365
95 1368
95 1380
95 1383
95 1412
95 1418
95 1426
95 1428
95 1430
95 1433
95 1443
95 1467
95 1699
95 1728
95 1742
95 1747
95 1761
97 106
97 131
97 295
97 297
97 302
97 307
97 318
97 325
97 339
97 343
97 374
97 394
97 421
97 1467
97 1480
98 101
98 107
98 108
98 110
98 114
98 118
98 125
98 126
98 127
98 134
98 195
98 221
98 239
98 251
98 331
98 344
98 363
98 384
98 391
98 401
98 747
98 802
98 805
98 858
98 903
98 904
98 936
98 944
98 956
98 958
98 979
98 980
98 991
98 999
98 1002
98 1045
98 1076
98 1084
98 1110
98 1123
98 1125
98 1194
98 1242
98 1280
98 1335
98 1355
98 1467
98 1473
98 1480
99 110
99 111
99 125
99 166
99 172
99 180
99 359
99 413
99 738
99 757
99 769
99 805
99 820
99 862
99 880
99 897
99 900
99 916
99 917
99 952
99 983
99 999
99 1010
99 1013
99 1042
99 1045
99 1113
99 1167
99 1171
99 1280
99 1296
99 1313
99 1314
99 1320
99 1345
99 1347
99 1351
99 1360
99 1363
99 1366
99 1424
99 1440
99 1467
99 1478
99 1707
99 1709
99 1727
99 1741
100 1482
101 108
101 115
101 123
101 132
101 162
101 165
101 173
101 176
101 178
101 180
101 187
101 375
101 381
101 388
101 857
101 1467
101 1496
102 165
102 1467
103 107
103 1467
104 125
104 381
105 108
105 111
105 115
105 122
105 1467
105 1479
106 117
106 150
106 161
106 169
106 205
106 218
106 305
106 312
106 331
106 336
106 359
106 374
106 375
106 376
106 384
106 388
106 389
106 393
106 410
106 529
106 972
106 1467
106 1568
106 1569
106 1571
108 115
108 118
108 122
108 123
108 125
108 126
108 129
108 131
108 132
108 133
108 134
108 139
108 141
108 142
108 143
108 144
108 145
108 146
108 147
108 150
108 154
108 156
108 157
108 164
108 165
108 166
108 167
108 171
108 176
108 179
108 180
108 183
108 184
108 190
108 191
108 194
108 197
108 198
108 204
108 206
108 213
108 214
108 216
108 220
108 221
108 224
108 236
108 239
108 241
108 260
108 268
108 331
108 359
108 375
108 376
108 381
108 384
108 386
108 388
108 391
108 784
108 897
108 915
108 936
108 939
108 950
108 952
108 956
108 964
108 983
108 991
108 1017
108 1045
108 1065
108 1113
108 1162
108 1167
108 1169
108 1237
108 1280
108 1292
108 1305
108 1314
108 1332
108 1335
108 1467
108 1486
108 1512
108 1514
108 1517
108 1519
108 1555
108 1739
109 147
109 1467
110 116
110 118
110 125
110 131
110 137
110 142
110 156
110 169
110 171
110 172
110 186
110 223
110 272
110 359
110 381
110 490
110 506
110 738
110 743
110 757
110 763
110 772
110 789
110 791
110 804
110 805
110 832
110 839
110 841
110 856
110 862
110 884
110 897
110 904
110 915
110 917
110 928
110 936
110 952
110 956
110 962
110 975
110 981
110 988
110 991
110 996
110 1000
110 1010
110 1013
110 1017
110 1038
110 1039
110 1045
110 1065
110 1075
110 1121
110 1167
110 1259
110 1270
110 1280
110 1292
110 1305
110 1332
110 1467
110 1666
110 1672
111 122
111 147
111 156
111 171
111 172
111 183
111 195
111 227
111 239
111 307
111 359
111 381
111 444
111 638
111 723
111 736
111 763
111 769
111 788
111 798
111 808
111 831
111 856
111 862
111 864
111 896
111 897
111 906
111 917
111 956
111 977
111 979
111 981
111 991
111 1006
111 1050
111 1121
111 1467
111 1689
111 1703
112 139
112 147
112 212
112 218
112 228
112 232
112 738
112 787
112 950
112 1001
112 1010
112 1046
112 1057
112 1100
112 1137
112 1467
113 1467
114 149
114 206
114 376
114 695
114 956
114 1243
114 1249
114 1263
114 1312
114 1364
114 1398
114 1439
114 1467
114 1488
114 1494
115 122
115 132
115 133
115 141
115 144
115 145
115 146
115 147
115 154
115 156
115 157
115 158
115 164
115 166
115 167
115 168
115 171
115 172
115 179
115 183
115 184
115 185
115 189
115 191
115 193
115 194
115 203
115 204
115 212
115 753
115 1468
116 1467
116 1485
117 122
117 129
117 144
117 145
117 146
117 155
117 160
117 177
117 181
117 188
117 189
117 191
117 193
117 209
117 218
117 276
117 1467
117 1489
117 1491
118 125
118 130
118 131
118 139
118 147
118 156
118 176
118 179
118 180
118 183
118 209
118 272
118 368
118 413
118 630
118 708
118 766
118 785
118 809
118 813
118 902
118 947
118 952
118 983
118 994
118 1016
118 1089
118 1105
118 1109
118 1110
118 1121
118 1137
118 1162
118 1169
118 1175
118 1242
118 1289
118 1313
118 1364
118 1370
118 1467
118 1468
120 124
120 125
120 152
120 163
120 168
120 172
120 1016
120 1467
121 139
121 220
122 132
122 140
122 150
122 154
122 158
122 166
122 169
122 177
122 209
122 1467
122 1468
122 1489
123 156
123 157
123 162
123 166
123 170
123 172
123 182
123 183
123 192
123 251
123 375
123 381
123 1467
125 126
125 130
125 134
125 137
125 138
125 139
125 147
125 172
125 208
125 209
125 210
125 220
125 237
125 359
125 371
125 376
125 381
125 384
125 390
125 393
125 400
125 459
125 723
125 798
125 802
125 805
125 839
125 845
125 871
125 880
125 884
125 897
125 898
125 915
125 939
125 991
125 996
125 999
125 1002
125 1013
125 1015
125 1016
125 1042
125 1045
125 1065
125 1084
125 1085
125 1091
125 1095
125 1106
125 1123
125 1167
125 1169
125 1192
125 1205
125 1214
125 1261
125 1280
125 1284
125 1467
125 1490
125 1493
125 1676
125 1695
126 139
126 839
126 1467
127 147
127 156
127 171
127 195
127 209
127 212
127 218
127 237
127 281
127 788
127 999
127 1109
127 1110
127 1196
127 1225
127 1242
127 1467
128 147
128 1491
129 139
129 163
129 168
129 171
129 172
129 203
129 205
129 218
129 254
129 362
129 972
129 983
129 1137
129 1313
129 1356
129 1388
129 1467
129 1489
130 134
130 145
130 152
130 158
130 159
130 165
130 166
130 208
130 233
130 288
130 384
130 802
130 839
130 857
130 884
130 897
130 939
130 1017
130 1109
130 1113
130 1280
130 1292
130 1300
130 1305
130 1467
130 1516
131 147
131 150
131 157
131 171
131 172
131 178
131 179
131 187
131 204
131 212
131 216
131 253
131 261
131 272
131 282
131 285
131 290
131 292
131 296
131 306
131 307
131 315
131 316
131 324
131 329
131 331
131 333
131 343
131 351
131 352
131 355
131 357
131 358
131 367
131 380
131 381
131 388
131 431
131 723
131 736
131 763
131 774
131 784
131 785
131 798
131 804
131 873
131 884
131 900
131 915
131 933
131 950
131 967
131 978
131 979
131 1050
131 1053
131 1065
131 1080
131 1216
131 1313
131 1314
131 1354
131 1356
131 1361
131 1364
131 1368
131 1374
131 1375
131 1380
131 1384
131 1391
131 1410
131 1420
131 1436
131 1467
131 1479
131 1496
131 1497
131 1542
131 1551
131 1552
131 1757
132 141
132 144
132 147
132 149
132 150
132 157
132 166
132 195
132 1467
132 1468
133 147
133 154
133 157
133 164
133 166
133 167
133 171
133 180
133 184
133 1467
133 1468
134 147
134 172
134 1016
134 1467
136 163
136 1467
136 1492
137 168
138 151
138 1495
139 166
139 178
139 232
139 336
139 359
139 367
139 400
139 538
139 565
139 757
139 787
139 798
139 802
139 804
139 806
139 820
139 845
139 862
139 890
139 895
139 902
139 936
139 939
139 952
139 956
139 960
139 964
139 965
139 991
139 1023
139 1045
139 1049
139 1080
139 1099
139 1122
139 1131
139 1138
139 1212
139 1253
139 1280
139 1333
139 1467
139 1479
139 1679
140 145
141 147
141 148
141 149
141 154
141 197
141 1467
142 839
143 753
143 1468
144 150
144 153
144 154
144 158
144 160
144 166
144 177
144 194
144 209
144 1467
144 1468
145 147
145 152
145 156
145 158
145 165
145 169
145 176
145 209
145 218
145 1467
146 150
146 154
146 1467
147 154
147 157
147 158
147 164
147 171
147 172
147 179
147 184
147 187
147 193
147 194
147 204
147 206
147 212
147 216
147 221
147 224
147 226
147 232
147 233
147 239
147 241
147 242
147 243
147 260
147 261
147 268
147 272
147 274
147 282
147 286
147 290
147 359
147 763
147 774
147 784
147 802
147 804
147 813
147 862
147 884
147 904
147 915
147 917
147 936
147 939
147 950
147 956
147 960
147 962
147 965
147 975
147 978
147 979
147 981
147 983
147 991
147 996
147 1002
147 1017
147 1031
147 1036
147 1038
147 1039
147 1041
147 1050
147 1053
147 1057
147 1062
147 1065
147 1069
147 1075
147 1080
147 1085
147 1095
147 1109
147 1116
147 1121
147 1151
147 1162
147 1166
147 1175
147 1216
147 1256
147 1467
147 1479
147 1506
147 1509
149 157
149 179
149 185
149 195
149 237
149 251
149 1467
150 174
150 180
150 184
150 187
150 191
150 197
150 198
150 212
150 215
150 216
150 220
150 225
150 227
150 239
150 260
150 272
150 275
150 277
150 282
150 287
150 296
150 297
150 303
150 305
150 306
150 307
150 314
150 315
150 323
150 331
150 342
150 343
150 349
150 350
150 351
150 352
150 356
150 357
150 365
150 367
150 375
150 381
150 383
150 388
150 396
150 406
150 453
150 690
150 696
150 723
150 736
150 763
150 774
150 784
150 804
150 821
150 853
150 873
150 882
150 900
150 933
150 964
150 978
150 996
150 1002
150 1121
150 1175
150 1192
150 1320
150 1332
150 1335
150 1340
150 1353
150 1356
150 1363
150 1380
150 1401
150 1467
150 1520
150 1533
150 1536
150 1552
150 1555
150 1739
150 1743
151 171
152 157
152 158
152 166
152 168
152 1016
152 1467
153 156
153 162
153 171
153 1467
154 166
154 168
154 1467
155 171
155 209
155 218
156 180
156 182
156 192
156 225
156 227
156 272
156 309
156 375
156 413
156 736
156 748
156 774
156 802
156 820
156 839
156 845
156 862
156 904
156 915
156 917
156 980
156 981
156 999
156 1002
156 1031
156 1036
156 1051
156 1065
156 1095
156 1338
156 1467
156 1498
157 162
157 186
157 192
157 220
157 237
157 251
157 338
157 1016
157 1467
157 1476
157 1492
158 1467
158 1468
159 1016
159 1467
159 1476
160 175
160 209
160 1489
161 165
161 171
161 176
161 189
161 209
161 218
161 1467
162 192
162 381
162 1045
162 1162
162 1190
162 1280
162 1305
162 1467
163 165
163 168
163 173
163 203
163 1467
163 1496
164 1467
165 166
165 167
165 168
165 171
165 172
165 175
165 179
165 181
165 188
165 203
165 205
165 209
165 381
165 384
165 388
165 389
165 1467
166 172
166 173
166 178
166 187
166 375
166 381
166 388
166 1467
167 173
167 189
167 209
167 1467
168 169
168 187
168 388
168 1467
169 193
169 203
169 205
169 209
169 215
169 227
169 254
169 276
169 282
169 304
169 311
169 357
169 367
169 394
169 425
169 689
169 690
169 736
169 763
169 769
169 784
169 785
169 804
169 809
169 820
169 821
169 829
169 853
169 873
169 888
169 891
169 917
169 933
169 936
169 978
169 1101
169 1112
169 1140
169 1305
169 1345
169 1363
169 1375
169 1388
169 1467
169 1692
169 1707
171 173
171 174
171 179
171 180
171 181
171 184
171 200
171 236
171 272
171 287
171 329
171 347
171 359
171 368
171 388
171 413
171 640
171 713
171 731
171 736
171 737
171 757
171 774
171 787
171 820
171 845
171 862
171 900
171 904
171 915
171 916
171 933
171 936
171 946
171 952
171 965
171 972
171 978
171 994
171 996
171 1002
171 1005
171 1008
171 1023
171 1028
171 1031
171 1049
171 1051
171 1057
171 1062
171 1073
171 1080
171 1095
171 1116
171 1467
171 1508
172 180
172 181
172 188
172 199
172 282
172 314
172 368
172 388
172 396
172 403
172 413
172 757
172 769
172 802
172 805
172 820
172 854
172 884
172 888
172 904
172 910
172 917
172 952
172 958
172 962
172 975
172 996
172 1013
172 1016
172 1017
172 1039
172 1042
172 1051
172 1062
172 1467
172 1520
172 1672
172 1699
173 178
173 179
173 183
173 1467
173 1498
173 1551
173 1554
174 176
174 203
174 218
174 254
174 1467
175 209
175 1467
176 189
176 209
176 1467
177 205
177 209
177 218
177 1467
178 196
178 220
178 331
178 347
178 357
178 376
178 384
178 391
178 798
178 804
178 904
178 911
178 915
178 956
178 964
178 983
178 991
178 1028
178 1045
178 1075
178 1243
178 1280
178 1305
178 1333
178 1356
178 1362
178 1380
178 1403
178 1467
178 1551
178 1707
178 1732
178 1742
179 237
179 338
179 1016
179 1467
179 1492
179 1499
179 1502
180 183
180 192
180 195
180 203
180 206
180 220
180 221
180 226
180 232
180 236
180 238
180 272
180 287
180 307
180 331
180 336
180 338
180 355
180 376
180 380
180 384
180 387
180 388
180 413
180 469
180 483
180 486
180 619
180 693
180 695
180 706
180 719
180 727
180 728
180 730
180 736
180 757
180 763
180 771
180 774
180 777
180 779
180 787
180 798
180 804
180 805
180 810
180 840
180 848
180 862
180 879
180 880
180 890
180 900
180 904
180 912
180 917
180 920
180 936
180 949
180 956
180 962
180 964
180 965
180 975
180 981
180 996
180 999
180 1006
180 1023
180 1045
180 1065
180 1090
180 1121
180 1123
180 1126
180 1256
180 1280
180 1289
180 1317
180 1353
180 1467
180 1505
180 1558
180 1699
180 1748
181 209
182 381
183 190
183 198
183 237
183 272
183 338
183 347
183 357
183 363
183 371
183 736
183 748
183 774
183 787
183 802
183 805
183 849
183 863
183 902
183 904
183 915
183 930
183 933
183 936
183 955
183 956
183 960
183 962
183 965
183 981
183 994
183 996
183 997
183 1031
183 1065
183 1069
183 1075
183 1112
183 1159
183 1164
183 1190
183 1192
183 1243
183 1283
183 1312
183 1467
183 1679
183 1699
183 1712
184 1467
185 197
185 338
185 1467
185 1492
186 227
186 288
186 314
186 331
186 355
186 381
186 388
186 398
186 763
186 784
186 842
186 847
186 853
186 857
186 918
186 919
186 967
186 1292
186 1340
186 1356
186 1467
186 1500
186 1526
187 205
187 253
187 305
187 311
187 315
187 331
187 348
187 359
187 363
187 888
187 1364
187 1398
187 1410
187 1439
187 1449
187 1467
187 1757
188 1467
189 1467
190 381
190 765
190 1467
191 1467
191 1502
192 206
192 220
192 230
192 338
192 357
192 358
192 626
192 666
192 858
192 862
192 906
192 1136
192 1467
193 198
193 203
193 205
193 218
193 1467
193 1502
195 206
195 225
195 338
195 344
195 368
195 381
195 736
195 748
195 808
195 904
195 905
195 915
195 938
195 960
195 970
195 991
195 994
195 1019
195 1031
195 1467
196 1467
197 1467
198 212
198 272
198 1467
200 203
200 206
200 209
200 212
200 218
200 1467
200 1505
201 1467
202 232
202 238
202 244
202 403
202 405
202 416
202 430
202 450
202 451
202 503
202 505
202 507
202 531
202 614
202 617
202 1467
202 1589
203 218
203 413
203 769
203 783
203 802
203 809
203 811
203 814
203 820
203 825
203 854
203 862
203 886
203 898
203 912
203 933
203 936
203 947
203 952
203 953
203 960
203 962
203 965
203 972
203 975
203 986
203 995
203 1005
203 1007
203 1052
203 1053
203 1062
203 1080
203 1093
203 1173
203 1302
203 1308
203 1467
203 1676
203 1714
203 1743
204 220
204 1467
205 209
205 210
205 214
205 215
205 224
205 276
205 307
205 311
205 337
205 359
205 366
205 374
205 388
205 763
205 824
205 827
205 1173
205 1189
205 1232
205 1313
205 1330
205 1354
205 1364
205 1417
205 1437
205 1467
205 1506
206 225
206 227
206 375
206 804
206 933
206 942
206 1061
206 1065
206 1075
206 1112
206 1192
206 1275
206 1467
207 444
208 226
208 1016
209 214
209 359
209 483
209 763
209 784
209 802
209 884
209 888
209 915
209 936
209 952
209 964
209 983
209 999
209 1017
209 1045
209 1052
209 1101
209 1113
209 1167
209 1182
209 1192
209 1221
209 1237
209 1280
209 1292
209 1296
209 1305
209 1360
209 1467
209 1504
209 1505
209 1734
209 1738
210 218
210 242
210 347
210 400
210 723
210 779
210 784
210 787
210 804
210 862
210 884
210 904
210 911
210 915
210 936
210 952
210 956
210 960
210 962
210 965
210 981
210 989
210 996
210 1024
210 1028
210 1031
210 1053
210 1057
210 1095
210 1112
210 1137
210 1150
210 1174
210 1179
210 1189
210 1193
210 1206
210 1212
210 1216
210 1231
210 1243
210 1253
210 1258
210 1274
210 1344
210 1467
210 1737
211 216
211 1467
212 216
212 221
212 238
212 239
212 241
212 242
212 276
212 285
212 440
212 525
212 668
212 697
212 719
212 736
212 737
212 738
212 741
212 758
212 759
212 761
212 763
212 808
212 810
212 816
212 1467
212 1468
212 1662
212 1673
213 216
213 226
213 241
213 246
213 1467
214 221
214 1467
215 238
215 240
215 273
215 284
215 301
215 427
215 430
215 498
215 753
215 1467
215 1518
216 224
216 226
216 230
216 235
216 237
216 248
216 1467
216 1507
216 1513
218 413
218 757
218 763
218 769
218 804
218 839
218 862
218 884
218 888
218 904
218 915
218 936
218 939
218 947
218 960
218 962
218 965
218 975
218 984
218 995
218 996
218 1001
218 1007
218 1017
218 1031
218 1038
218 1039
218 1052
218 1053
218 1062
218 1080
218 1093
218 1101
218 1116
218 1128
218 1211
218 1237
218 1252
218 1467
218 1508
218 1713
218 1714
218 1717
218 1726
218 1727
219 238
220 226
220 236
220 238
220 374
220 403
220 417
220 440
220 736
220 763
220 787
220 798
220 804
220 820
220 917
220 933
220 952
220 956
220 965
220 996
220 999
220 1010
220 1031
220 1080
220 1094
220 1095
220 1123
220 1231
220 1467
221 225
221 228
221 237
221 241
221 244
221 261
221 371
221 672
221 723
221 748
221 763
221 765
221 802
221 808
221 816
221 831
221 845
221 859
221 875
221 879
221 897
221 904
221 935
221 939
221 949
221 952
221 956
221 967
221 979
221 981
221 991
221 996
221 1017
221 1029
221 1065
221 1162
221 1194
221 1198
221 1242
221 1251
221 1467
221 1733
222 238
223 1467
224 226
224 232
224 242
224 288
224 1467
225 230
225 244
225 272
225 282
225 327
225 338
225 357
225 359
225 367
225 375
225 376
225 381
225 384
225 391
225 399
225 492
225 695
225 700
225 723
225 747
225 748
225 810
225 858
225 879
225 897
225 900
225 903
225 909
225 936
225 943
225 950
225 963
225 964
225 979
225 996
225 999
225 1033
225 1036
225 1040
225 1109
225 1143
225 1271
225 1272
225 1280
225 1305
225 1332
225 1467
225 1562
225 1685
225 1699
225 1704
226 227
226 232
226 236
226 242
226 1467
227 238
227 241
227 242
227 270
227 272
227 408
227 492
227 530
227 723
227 1467
227 1503
227 1506
227 1511
227 1605
228 232
228 239
228 1467
229 1467
230 1467
230 1510
231 1510
232 238
232 255
232 431
232 453
232 458
232 470
232 495
232 723
232 736
232 753
232 763
232 774
232 802
232 804
232 805
232 809
232 831
232 841
232 845
232 863
232 894
232 904
232 915
232 936
232 947
232 949
232 952
232 960
232 965
232 983
232 991
232 1001
232 1010
232 1022
232 1023
232 1046
232 1434
232 1467
232 1580
232 1664
233 236
233 1509
234 238
236 241
236 242
236 262
236 269
236 615
236 713
236 717
236 798
236 1467
237 260
237 266
237 272
237 307
237 334
237 363
237 723
237 747
237 748
237 798
237 858
237 862
237 873
237 884
237 899
237 903
237 904
237 909
237 915
237 936
237 952
237 960
237 962
237 963
237 964
237 965
237 979
237 982
237 994
237 996
237 1002
237 1010
237 1019
237 1031
237 1036
237 1041
237 1043
237 1050
237 1064
237 1069
237 1078
237 1143
237 1148
237 1149
237 1164
237 1168
237 1185
237 1190
237 1216
237 1225
237 1227
237 1271
237 1274
237 1293
237 1306
237 1326
237 1352
237 1467
237 1521
237 1704
237 1725
237 1728
237 1731
238 240
238 244
238 253
238 259
238 265
238 318
238 400
238 405
238 431
238 454
238 496
238 534
238 664
238 723
238 753
238 754
238 763
238 764
238 779
238 785
238 804
238 805
238 1467
238 1580
239 260
239 261
239 272
239 280
239 285
239 695
239 1467
239 1514
239 1516
239 1519
240 271
240 278
240 1467
241 247
241 254
241 257
241 258
241 260
241 261
241 274
241 1467
241 1516
242 243
242 262
242 1467
242 1510
244 248
244 251
244 253
244 260
244 266
244 377
244 427
244 444
244 458
244 466
244 533
244 536
244 596
244 664
244 686
244 723
244 749
244 779
244 785
244 1467
245 1467
246 261
247 253
247 763
247 790
247 1467
248 251
248 1515
249 839
250 266
250 1467
251 331
251 338
251 363
251 375
251 376
251 384
251 391
251 397
251 408
251 723
251 858
251 862
251 873
251 903
251 915
251 943
251 952
251 956
251 964
251 1045
251 1050
251 1075
251 1225
251 1242
251 1243
251 1271
251 1280
251 1305
251 1306
251 1326
251 1329
251 1338
251 1342
251 1352
251 1357
251 1467
251 1699
251 1737
251 1742
252 261
252 616
252 726
252 1467
253 296
253 368
253 380
253 411
253 417
253 421
253 425
253 452
253 453
253 473
253 480
253 500
253 506
253 511
253 525
253 535
253 536
253 572
253 583
253 606
253 650
253 652
253 668
253 708
253 723
253 726
253 730
253 739
253 745
253 748
253 810
253 983
253 1467
253 1599
254 312
254 362
254 374
254 1467
255 1467
256 315
257 265
260 268
260 281
260 411
260 1467
260 1516
261 483
261 525
261 652
261 736
261 772
261 780
261 795
261 1084
261 1467
261 1516
263 278
263 347
263 1467
264 1467
265 278
265 375
265 1467
267 1467
268 1467
269 271
269 276
270 668
270 1467
272 282
272 284
272 290
272 306
272 326
272 330
272 331
272 336
272 338
272 413
272 526
272 534
272 539
272 603
272 659
272 680
272 712
272 736
272 757
272 763
272 785
272 804
272 862
272 886
272 904
272 933
272 952
272 960
272 979
272 994
272 996
272 1011
272 1016
272 1047
272 1075
272 1467
272 1526
272 1699
273 1467
275 1467
276 525
276 697
276 719
276 734
276 735
276 737
276 738
276 743
276 791
276 1467
276 1664
276 1665
277 1467
278 284
278 1467
279 282
279 1467
280 284
280 296
280 317
280 342
280 355
280 403
280 410
280 412
280 450
280 459
280 463
280 483
280 524
280 539
280 548
280 558
280 1467
280 1522
280 1606
280 1611
281 1467
282 1037
282 1467
283 857
284 287
284 319
284 320
284 326
284 335
284 342
284 347
284 350
284 368
284 371
284 387
284 395
284 405
284 453
284 463
284 538
284 664
284 668
284 689
284 723
284 736
284 763
284 784
284 863
284 873
284 881
284 911
284 913
284 964
284 971
284 989
284 1160
284 1200
284 1241
284 1243
284 1298
284 1314
284 1353
284 1364
284 1365
284 1391
284 1398
284 1467
284 1530
284 1684
284 1707
286 335
286 347
286 1467
287 335
287 1467
287 1524
288 294
288 309
288 313
288 339
288 857
288 1467
288 1529
289 1522
290 301
290 305
290 313
290 314
290 315
290 325
290 329
290 345
290 346
290 347
290 349
290 352
290 1467
290 1522
290 1527
291 302
291 1467
293 305
295 300
296 303
296 314
296 315
296 319
296 342
296 372
296 403
296 427
296 442
296 1467
296 1538
297 315
297 339
297 1467
297 1527
298 338
298 494
298 1467
299 302
299 1524
300 316
300 375
301 315
301 319
301 326
301 332
301 335
301 347
301 1530
301 1534
301 1537
302 307
302 316
303 304
303 325
303 332
303 1467
304 307
304 331
304 1467
304 1531
305 345
305 1467
305 1533
305 1557
306 1467
307 314
307 315
307 322
307 323
307 325
307 360
307 375
307 412
307 424
307 448
307 473
307 578
307 704
307 723
307 736
307 738
307 785
307 933
307 980
307 1451
307 1457
307 1467
307 1524
307 1626
307 1636
307 1639
307 1644
307 1645
308 313
309 338
309 1467
310 1521
311 325
312 341
312 345
312 1467
312 1527
313 857
313 1467
313 1526
314 340
314 346
314 382
314 396
314 1467
315 318
315 321
315 350
315 1467
316 339
316 1467
317 342
317 1467
317 1478
319 329
319 387
319 430
319 1467
319 1592
320 387
321 338
321 494
322 341
322 1467
322 1533
323 364
323 1467
325 337
325 1467
325 1524
326 329
326 339
326 341
326 364
326 372
326 1467
328 359
329 343
329 354
329 358
329 387
329 1467
330 1467
331 336
331 352
331 359
331 367
331 368
331 374
331 375
331 384
331 459
331 736
331 748
331 774
331 798
331 820
331 893
331 911
331 915
331 916
331 917
331 930
331 952
331 955
331 964
331 983
331 991
331 1010
331 1011
331 1022
331 1028
331 1050
331 1085
331 1332
331 1344
331 1362
331 1420
331 1467
332 1467
332 1542
333 339
333 431
333 1467
333 1524
333 1544
334 1467
334 1545
334 1549
335 387
335 412
335 416
335 431
335 454
335 458
335 459
335 477
335 519
335 525
335 557
335 563
335 565
335 585
335 618
335 623
335 630
335 787
335 831
335 1467
336 352
336 359
336 453
336 691
336 717
336 736
336 785
336 798
336 897
336 933
336 983
336 1023
336 1272
336 1332
336 1467
336 1558
337 1467
337 1531
338 339
338 342
338 357
338 363
338 367
338 368
338 371
338 375
338 395
338 397
338 401
338 412
338 689
338 696
338 723
338 726
338 736
338 740
338 785
338 819
338 823
338 848
338 868
338 873
338 889
338 909
338 952
338 964
338 1141
338 1243
338 1346
338 1352
338 1364
338 1383
338 1398
338 1401
338 1433
338 1467
338 1692
338 1703
338 1704
338 1759
339 1467
339 1544
339 1550
340 351
342 406
342 410
342 412
342 416
342 428
342 440
342 453
342 459
342 463
342 485
342 497
342 518
342 520
342 521
342 526
342 529
342 539
342 544
342 557
342 558
342 575
342 580
342 586
342 590
342 1467
342 1556
342 1585
343 364
344 359
344 368
344 802
344 897
344 1467
345 359
345 364
345 1467
345 1522
346 1467
347 352
347 355
347 367
347 375
347 387
347 453
347 779
347 784
347 785
347 787
347 798
347 804
347 813
347 863
347 915
347 936
347 989
347 1028
347 1045
347 1053
347 1166
347 1179
347 1253
347 1341
347 1344
347 1375
347 1391
347 1398
347 1399
347 1403
347 1419
347 1428
347 1441
347 1467
347 1553
347 1758
348 1467
350 391
351 365
352 364
352 366
352 526
352 658
352 718
352 1467
353 416
353 1467
355 358
355 380
355 1467
356 367
356 1467
357 363
357 371
357 583
357 616
357 648
357 664
357 724
357 781
357 785
357 902
357 909
357 915
357 994
357 1159
357 1164
357 1467
357 1671
357 1702
358 1467
359 383
359 785
359 798
359 820
359 952
359 967
359 999
359 1010
359 1017
359 1065
359 1085
359 1123
359 1140
359 1167
359 1320
359 1363
359 1368
359 1467
359 1692
361 1533
362 380
362 1467
363 367
363 375
363 723
363 736
363 748
363 798
363 848
363 873
363 889
363 903
363 956
363 979
363 1098
363 1148
363 1216
363 1227
363 1293
363 1306
363 1314
363 1352
363 1356
363 1365
363 1368
363 1383
363 1384
363 1411
363 1412
363 1414
363 1418
363 1426
363 1428
363 1439
363 1467
363 1549
363 1704
363 1749
364 367
364 388
364 1467
365 380
365 388
365 1467
366 1467
367 369
367 370
367 380
367 381
367 493
367 681
367 705
367 724
367 728
367 763
367 770
367 798
367 947
367 975
367 1467
367 1551
367 1692
367 1701
368 388
368 442
368 723
368 785
368 798
368 802
368 827
368 835
368 847
368 882
368 886
368 895
368 900
368 915
368 936
368 939
368 990
368 994
368 1027
368 1050
368 1167
368 1248
368 1321
368 1336
368 1361
368 1365
368 1368
368 1384
368 1396
368 1409
368 1412
368 1418
368 1430
368 1433
368 1440
368 1461
368 1467
368 1552
368 1700
368 1749
368 1760
371 375
371 376
371 391
371 664
371 723
371 736
371 779
371 862
371 904
371 909
371 915
371 936
371 956
371 960
371 964
371 996
371 999
371 1031
371 1041
371 1056
371 1112
371 1149
371 1157
371 1397
371 1467
371 1699
372 375
372 381
372 388
372 1467
373 388
373 1467
374 394
374 483
374 736
374 763
374 784
374 785
374 821
374 847
374 860
374 1386
374 1467
374 1681
374 1684
375 386
375 388
375 392
375 459
375 463
375 526
375 549
375 572
375 723
375 798
375 835
375 897
375 915
375 956
375 1045
375 1075
375 1084
375 1090
375 1159
375 1194
375 1242
375 1243
375 1293
375 1338
375 1344
375 1467
376 381
376 383
376 384
376 394
376 395
376 401
376 424
376 1467
376 1559
377 405
377 426
377 430
377 454
377 457
377 1467
377 1573
377 1581
378 1467
379 383
380 453
380 454
380 487
380 494
380 495
380 517
380 526
380 530
380 549
380 576
380 583
380 664
380 696
380 1467
381 382
381 384
381 396
381 1467
382 388
382 1467
382 1556
384 395
384 444
384 1467
385 388
385 915
385 983
385 991
385 1045
385 1105
385 1280
385 1302
385 1305
385 1339
385 1343
385 1362
385 1467
386 1467
387 416
387 463
387 605
387 618
387 1467
387 1552
387 1583
387 1630
388 897
388 983
388 1167
388 1292
388 1296
388 1350
388 1467
391 399
391 1467
392 1467
392 1478
394 1467
394 1572
395 400
395 412
395 416
395 1467
395 1552
395 1558
396 1467
396 1561
396 1562
399 401
400 403
400 416
400 450
400 454
400 718
400 723
400 779
400 787
400 845
400 862
400 884
400 904
400 915
400 917
400 936
400 952
400 956
400 960
400 962
400 981
400 999
400 1010
400 1022
400 1028
400 1045
400 1057
400 1084
400 1091
400 1106
400 1112
400 1123
400 1136
400 1137
400 1157
400 1175
400 1193
400 1195
400 1200
400 1249
400 1258
400 1269
400 1314
400 1319
400 1353
400 1380
400 1383
400 1391
400 1398
400 1399
400 1403
400 1419
400 1428
400 1434
400 1436
400 1467
400 1558
401 979
401 1106
401 1194
401 1467
403 405
403 410
403 412
403 419
403 421
403 422
403 423
403 428
403 431
403 433
403 438
403 440
403 448
403 453
403 456
403 459
403 491
403 494
403 506
403 511
403 525
403 618
403 1467
404 410
404 494
404 1467
404 1570
405 411
405 412
405 416
405 428
405 431
405 432
405 433
405 435
405 442
405 446
405 448
405 449
405 453
405 454
405 455
405 458
405 459
405 461
405 473
405 505
405 513
405 533
405 548
405 596
405 1467
405 1573
405 1590
408 409
408 412
408 419
408 428
408 432
408 433
408 466
408 499
408 515
408 1467
409 466
409 467
409 1467
410 414
410 416
410 417
410 424
410 463
410 464
410 494
410 521
410 522
410 529
410 539
410 546
410 569
410 575
410 590
410 620
410 1467
411 454
411 1467
412 416
412 430
412 437
412 463
412 482
412 494
412 514
412 533
412 537
412 539
412 548
412 558
412 1467
412 1552
413 757
413 774
413 798
413 802
413 809
413 811
413 820
413 845
413 862
413 875
413 884
413 904
413 915
413 917
413 933
413 936
413 939
413 945
413 952
413 964
413 965
413 967
413 975
413 979
413 981
413 983
413 996
413 999
413 1008
413 1010
413 1013
413 1017
413 1031
413 1038
413 1045
413 1052
413 1059
413 1062
413 1106
413 1113
413 1123
413 1192
413 1237
413 1248
413 1280
413 1288
413 1296
413 1297
413 1305
413 1308
413 1309
413 1316
413 1323
413 1332
413 1347
413 1360
413 1371
413 1374
413 1424
413 1467
413 1526
413 1672
413 1701
413 1727
415 416
416 437
416 459
416 463
416 498
416 500
416 526
416 529
416 535
416 539
416 548
416 558
416 573
416 1467
417 464
417 557
417 1467
417 1607
418 439
419 431
421 425
421 433
421 435
421 449
421 459
421 483
421 485
421 1467
421 1592
421 1593
422 427
422 474
422 1467
423 431
423 432
423 442
423 448
423 1467
423 1584
425 430
425 1467
427 432
427 434
427 440
427 442
427 448
427 473
427 1467
428 430
428 443
428 457
428 458
428 1467
429 459
429 463
429 548
429 1467
429 1585
430 435
430 438
430 456
430 459
430 465
430 475
430 491
430 506
430 529
430 1467
431 437
431 439
431 449
431 453
431 454
431 458
431 469
431 479
431 482
431 484
431 502
431 511
431 525
431 1467
432 467
432 474
432 1586
433 443
433 1467
434 448
434 460
434 1582
435 1467
436 494
437 459
437 573
437 1467
439 499
439 1467
440 448
440 450
440 455
440 463
440 474
440 489
440 494
440 504
440 526
440 1467
440 1612
441 450
442 453
442 499
442 1467
442 1587
443 1467
444 723
444 747
444 963
444 996
444 999
444 1010
444 1012
444 1019
444 1029
444 1031
444 1036
444 1076
444 1123
444 1238
444 1307
444 1467
444 1689
445 453
445 464
445 488
445 525
445 1467
446 450
446 454
447 529
448 463
448 473
448 587
448 1467
450 452
450 459
450 460
450 468
450 488
450 489
450 490
450 498
450 500
450 503
450 526
450 590
450 1467
450 1588
451 1467
452 453
452 454
452 489
452 495
452 517
452 542
452 1467
453 454
453 455
453 458
453 459
453 464
453 469
453 474
453 476
453 479
453 481
453 483
453 484
453 495
453 499
453 506
453 516
453 519
453 525
453 526
453 535
453 553
453 557
453 565
453 608
453 1467
453 1595
453 1604
453 1606
453 1607
453 1608
453 1620
454 458
454 470
454 472
454 496
454 519
454 735
454 763
454 911
454 1467
454 1588
455 466
455 474
455 1467
456 1582
457 505
457 1467
457 1588
458 464
458 466
458 470
458 1467
458 1584
459 489
459 494
459 522
459 525
459 529
459 539
459 543
459 557
459 561
459 570
459 603
459 604
459 625
459 636
459 648
459 651
459 653
459 1467
460 489
461 583
461 1467
461 1587
462 469
462 641
462 1467
462 1636
463 469
463 489
463 494
463 495
463 507
463 529
463 537
463 542
463 548
463 557
463 565
463 607
463 612
463 647
463 661
463 728
463 864
463 1467
463 1608
463 1619
464 1467
464 1593
465 1591
466 467
466 469
466 479
466 481
466 482
466 501
466 533
466 596
466 747
466 1467
466 1601
466 1605
466 1614
467 491
467 515
467 1467
468 1467
468 1589
468 1596
469 482
469 515
469 517
469 523
469 526
469 558
469 562
469 583
469 599
469 613
469 616
469 619
469 620
469 626
469 627
469 638
469 648
469 661
469 662
469 672
469 700
469 1467
471 483
471 510
471 549
471 1467
472 483
472 1467
473 494
473 499
473 568
473 1467
473 1597
474 484
474 510
474 525
474 549
474 1467
475 1594
476 483
477 507
477 519
478 479
478 490
478 621
478 1467
479 483
479 500
479 511
479 1467
480 498
481 1467
482 1467
482 1588
483 498
483 499
483 502
483 506
483 510
483 525
483 535
483 539
483 551
483 560
483 659
483 683
483 757
483 774
483 794
483 1467
483 1599
484 1467
485 1591
485 1598
486 536
486 664
486 763
486 764
486 765
486 785
486 1467
486 1668
487 488
487 1467
488 503
488 1467
488 1589
489 1467
489 1588
490 1467
493 1600
494 526
494 535
494 539
494 543
494 544
494 548
494 558
494 570
494 573
494 576
494 1467
494 1624
495 535
495 539
495 565
495 1467
496 534
496 1467
496 1580
496 1599
497 521
497 544
498 550
498 1467
499 506
499 541
499 1467
500 1467
502 1467
503 518
504 529
504 1467
504 1603
505 514
505 535
505 1467
505 1602
506 512
506 518
506 527
506 563
506 1467
507 1467
507 1603
508 525
508 1467
508 1596
509 533
510 584
510 1467
511 1467
512 541
512 1467
514 1467
515 1467
515 1610
517 533
517 1467
518 545
518 1467
519 1467
520 529
521 526
521 529
521 544
521 575
521 1467
521 1591
521 1615
521 1616
522 528
522 529
522 1467
523 1467
523 1601
524 566
524 585
524 1467
525 536
525 553
525 591
525 628
525 673
525 717
525 742
525 810
525 1467
525 1609
526 531
526 542
526 544
526 567
526 577
526 580
526 603
526 612
526 615
526 1467
529 535
529 557
529 590
529 1467
529 1588
529 1607
532 1467
533 535
533 547
533 596
533 1467
534 1467
534 1599
535 539
535 543
535 548
535 556
535 562
535 589
535 590
535 600
535 603
535 604
535 607
535 609
535 611
535 651
535 658
535 659
535 689
535 698
535 710
535 1467
536 618
536 659
536 712
536 847
536 1467
536 1671
536 1676
537 548
537 1467
538 593
538 739
538 900
538 956
538 964
538 972
538 1031
538 1058
538 1124
538 1280
538 1467
538 1617
539 543
539 544
539 548
539 554
539 558
539 567
539 573
539 576
539 581
539 586
539 593
539 601
539 605
539 611
539 618
539 627
539 1467
539 1607
539 1621
539 1625
539 1630
540 557
540 558
541 542
541 544
541 1467
541 1635
542 1467
542 1608
543 554
543 576
543 589
543 631
543 1467
543 1613
544 558
544 610
544 1467
544 1606
548 555
548 562
548 603
548 645
548 646
548 1467
548 1627
548 1628
549 1467
549 1614
552 1467
552 1606
553 562
553 594
553 1467
554 558
554 576
554 1467
554 1613
556 573
556 1467
557 558
557 604
557 642
557 726
557 1467
557 1607
557 1611
558 562
558 567
558 575
558 580
558 581
558 600
558 609
558 613
558 620
558 624
558 645
558 655
558 1467
558 1622
558 1627
559 1467
560 1467
562 574
562 1467
563 589
563 630
563 633
563 1467
564 575
564 1591
565 602
565 605
566 1467
566 1607
567 1467
567 1618
567 1621
570 1467
571 1467
572 603
572 654
572 658
572 661
572 669
574 595
574 1467
575 589
575 609
575 1467
575 1606
576 589
576 1467
576 1621
579 1616
580 1467
580 1623
581 590
582 1611
583 1467
585 1467
588 1467
589 1467
589 1638
591 1467
591 1621
592 603
592 1467
593 605
593 606
593 1467
594 1467
594 1621
597 1605
598 641
598 1467
603 612
603 619
603 650
603 651
603 658
603 659
603 661
603 667
603 678
603 680
603 689
603 1467
604 1467
604 1606
605 606
605 1467
606 607
606 618
606 624
606 629
606 630
606 1467
606 1629
607 618
608 636
608 648
611 1467
612 627
612 650
612 661
612 668
612 697
612 730
612 1467
612 1647
612 1655
613 615
613 645
613 659
613 1467
615 638
615 1467
615 1628
616 1467
616 1612
617 1467
618 639
618 1467
619 662
619 680
619 706
619 1467
620 1467
621 624
621 635
621 1467
622 1467
624 1467
625 654
625 1467
625 1632
625 1633
626 641
626 652
626 1467
626 1636
627 1467
627 1628
630 639
630 1467
631 1467
631 1591
631 1637
632 1467
632 1630
634 674
634 1467
635 1467
637 1467
638 1467
638 1646
639 1467
639 1640
641 643
642 1467
644 648
644 1467
645 651
645 1467
646 1467
647 1467
647 1491
647 1647
648 654
648 1467
649 657
649 1467
650 677
650 1467
650 1634
651 668
651 672
651 688
651 712
651 1467
652 1641
653 693
653 1467
654 663
654 1467
655 711
655 1467
655 1642
656 1643
657 1467
658 680
658 691
658 1467
658 1621
658 1647
659 664
659 744
659 765
659 1467
659 1648
660 1627
661 668
661 670
661 691
661 693
661 695
661 712
661 722
661 726
661 728
661 763
661 847
661 1467
661 1622
661 1645
661 1651
661 1656
662 681
662 1467
662 1638
662 1640
662 1648
662 1649
662 1651
663 674
664 677
664 710
664 718
664 763
664 781
664 830
664 1467
665 679
665 711
665 1467
666 670
666 1467
666 1652
667 1612
668 705
668 714
668 718
668 726
668 730
668 733
668 740
668 1467
669 674
669 788
669 1467
670 692
671 681
671 1467
675 691
676 736
677 1467
678 1467
678 1622
678 1653
678 1654
679 690
679 1467
680 726
680 1467
681 1467
682 1467
684 1467
685 691
686 723
686 748
686 1467
687 1593
688 708
688 726
688 1467
688 1643
688 1657
689 778
689 1467
689 1658
690 706
690 741
690 822
690 1467
691 737
691 757
691 1467
691 1661
692 706
692 723
692 772
692 1467
693 706
693 719
693 728
693 736
693 750
693 769
693 946
693 976
693 1467
693 1656
693 1659
693 1660
694 1612
695 1467
696 736
696 769
696 805
696 840
696 855
696 874
696 876
696 1467
697 732
697 753
697 754
697 766
697 1467
699 757
699 1661
700 720
700 722
700 748
700 765
700 1467
701 1467
702 719
703 719
703 1467
704 766
705 719
705 757
705 763
705 1467
706 712
706 723
706 737
706 787
706 1467
707 736
708 1467
709 769
711 752
711 753
711 757
711 764
711 773
711 800
711 1467
712 772
712 1061
712 1467
712 1666
713 798
713 802
713 804
713 873
713 1467
713 1622
713 1661
713 1674
713 1675
714 1467
715 736
715 1663
716 1467
717 736
717 1467
718 778
718 1467
719 724
719 753
719 754
719 760
719 763
719 765
719 810
719 1467
721 749
721 759
721 1467
721 1665
722 1467
723 740
723 745
723 747
723 754
723 765
723 779
723 798
723 799
723 811
723 819
723 858
723 862
723 892
723 900
723 936
723 937
723 956
723 1002
723 1065
723 1082
723 1084
723 1091
723 1114
723 1127
723 1136
723 1142
723 1150
723 1162
723 1241
723 1242
723 1250
723 1263
723 1397
723 1467
723 1679
723 1680
724 763
724 784
724 787
724 800
724 810
724 813
724 889
724 917
724 936
724 989
724 1075
724 1467
724 1690
725 749
725 1467
725 1662
726 730
726 745
726 1467
728 736
728 769
728 933
728 1467
729 737
729 1467
730 1467
731 736
731 766
731 770
731 1467
731 1667
732 1467
733 774
733 1467
735 762
735 776
736 738
736 748
736 769
736 774
736 777
736 780
736 784
736 787
736 799
736 805
736 819
736 821
736 825
736 830
736 850
736 853
736 856
736 868
736 882
736 883
736 909
736 921
736 922
736 923
736 943
736 947
736 994
736 1011
736 1043
736 1075
736 1105
736 1150
736 1467
736 1675
736 1690
736 1691
736 1697
737 753
737 754
737 773
737 814
737 1467
738 766
738 802
738 841
738 845
738 876
738 879
738 962
738 983
738 1010
738 1038
738 1060
738 1063
738 1113
738 1167
738 1192
738 1467
738 1666
739 753
739 754
739 773
739 1467
740 756
740 1467
741 754
743 798
743 815
743 820
743 840
743 845
743 917
743 962
743 966
743 983
743 991
743 996
743 999
743 1010
743 1031
743 1039
743 1042
743 1106
743 1113
743 1123
743 1467
744 1467
745 758
745 764
745 1467
747 748
747 802
747 858
747 864
747 887
747 903
747 915
747 958
747 980
747 998
747 1010
747 1019
747 1020
747 1033
747 1064
747 1084
747 1098
747 1143
747 1149
747 1162
747 1168
747 1186
747 1225
747 1264
747 1311
747 1467
748 788
748 790
748 810
748 845
748 858
748 884
748 899
748 904
748 915
748 935
748 938
748 956
748 979
748 982
748 990
748 991
748 994
748 1011
748 1019
748 1056
748 1109
748 1115
748 1306
748 1467
748 1685
748 1704
749 765
749 796
749 1467
749 1683
751 770
751 1467
751 1669
753 754
753 763
753 771
753 788
753 790
753 804
753 808
753 810
753 1467
754 1467
754 1666
754 1673
755 785
755 1654
757 763
757 766
757 769
757 785
757 786
757 798
757 802
757 817
757 820
757 832
757 837
757 876
757 886
757 888
757 904
757 917
757 936
757 947
757 969
757 995
757 1017
757 1034
757 1042
757 1052
757 1140
757 1237
757 1467
758 1467
759 777
760 1467
760 1670
760 1671
763 772
763 774
763 784
763 787
763 791
763 797
763 805
763 808
763 809
763 811
763 818
763 843
763 845
763 857
763 867
763 888
763 891
763 900
763 901
763 916
763 952
763 956
763 983
763 995
763 996
763 1002
763 1009
763 1042
763 1048
763 1171
763 1201
763 1328
763 1467
763 1593
763 1676
763 1681
763 1696
764 790
764 804
764 1467
765 790
765 810
765 1467
766 1467
766 1672
767 1467
768 1467
768 1666
769 784
769 839
769 843
769 856
769 888
769 1042
769 1140
769 1467
769 1674
769 1675
769 1678
770 814
770 898
770 1169
770 1467
772 785
772 805
772 813
772 1467
773 782
773 800
773 1467
773 1677
774 784
774 785
774 800
774 802
774 808
774 810
774 811
774 813
774 845
774 882
774 896
774 956
774 983
774 991
774 1010
774 1216
774 1256
774 1467
775 785
776 1672
777 788
777 1467
778 804
778 1467
778 1673
779 787
779 802
779 831
779 845
779 859
779 862
779 937
779 949
779 952
779 956
779 960
779 1010
779 1051
779 1091
779 1121
779 1136
779 1175
779 1279
779 1311
779 1467
780 1467
780 1672
780 1682
781 785
781 850
781 1023
781 1467
781 1676
781 1679
781 1688
782 800
783 802
784 785
784 786
784 788
784 798
784 831
784 863
784 884
784 888
784 903
784 915
784 936
784 939
784 995
784 1280
784 1356
784 1364
784 1368
784 1467
784 1693
785 830
785 854
785 873
785 895
785 996
785 1467
785 1672
785 1674
786 853
786 873
786 1467
786 1676
787 802
787 806
787 810
787 845
787 849
787 863
787 869
787 881
787 896
787 906
787 915
787 930
787 933
787 955
787 956
787 994
787 1001
787 1056
787 1091
787 1103
787 1136
787 1137
787 1258
787 1467
787 1508
788 821
788 876
788 1467
788 1682
789 991
789 1467
791 805
791 832
791 928
791 1467
792 1467
793 810
797 804
797 1467
798 804
798 820
798 841
798 854
798 858
798 862
798 874
798 897
798 905
798 947
798 950
798 956
798 984
798 991
798 1001
798 1002
798 1007
798 1019
798 1038
798 1042
798 1044
798 1062
798 1065
798 1075
798 1080
798 1105
798 1112
798 1116
798 1137
798 1169
798 1171
798 1190
798 1239
798 1246
798 1250
798 1289
798 1293
798 1312
798 1317
798 1467
798 1699
799 864
799 1467
800 804
800 845
800 956
800 1467
801 820
802 825
802 828
802 831
802 834
802 837
802 841
802 856
802 862
802 866
802 879
802 884
802 886
802 895
802 904
802 912
802 915
802 917
802 925
802 936
802 937
802 943
802 947
802 949
802 956
802 960
802 962
802 967
802 972
802 975
802 979
802 994
802 1005
802 1007
802 1016
802 1019
802 1050
802 1057
802 1062
802 1065
802 1075
802 1080
802 1096
802 1105
802 1109
802 1112
802 1121
802 1124
802 1127
802 1140
802 1167
802 1171
802 1175
802 1194
802 1198
802 1251
802 1259
802 1262
802 1315
802 1329
802 1342
802 1348
802 1467
802 1709
803 810
804 809
804 816
804 878
804 888
804 900
804 911
804 915
804 917
804 956
804 965
804 972
804 991
804 1031
804 1062
804 1129
804 1173
804 1207
804 1231
804 1243
804 1467
804 1687
805 855
805 897
805 956
805 960
805 991
805 1006
805 1121
805 1467
805 1707
806 814
806 883
806 1031
806 1065
806 1136
806 1175
806 1200
806 1326
806 1467
806 1685
806 1686
807 978
807 1467
808 873
808 900
808 921
808 922
808 973
808 1467
809 822
809 825
809 856
809 886
809 891
809 901
809 914
809 917
809 936
809 952
809 962
809 965
809 975
809 996
809 1001
809 1045
809 1093
809 1106
809 1177
809 1223
809 1262
809 1305
809 1317
809 1467
810 983
810 996
810 1467
811 835
811 917
811 1121
811 1467
811 1691
812 1346
813 936
813 1467
814 972
814 1467
815 1467
816 1467
818 1467
819 863
819 1467
820 843
820 855
820 857
820 874
820 886
820 888
820 898
820 917
820 947
820 1467
821 884
821 1467
822 1467
822 1676
823 848
823 923
823 1082
823 1127
823 1467
823 1694
825 914
825 936
825 947
825 983
825 1030
825 1048
825 1050
825 1123
825 1201
825 1221
825 1467
825 1710
826 858
827 891
827 904
827 1308
827 1467
827 1661
829 843
830 1467
831 886
831 913
831 916
831 949
831 952
831 956
831 988
831 994
831 996
831 1051
831 1061
831 1088
831 1091
831 1109
831 1115
831 1121
831 1136
831 1162
831 1242
831 1243
831 1467
831 1706
833 1682
835 844
835 849
835 936
835 994
835 1065
835 1242
835 1390
835 1401
835 1467
836 994
837 841
837 888
838 868
838 1467
838 1654
839 871
839 876
839 884
839 996
839 1013
839 1016
839 1042
839 1085
839 1140
839 1467
840 855
840 1467
841 917
841 936
841 1042
841 1467
842 915
843 1467
843 1692
845 859
845 862
845 895
845 896
845 904
845 909
845 915
845 936
845 956
845 960
845 964
845 965
845 972
845 979
845 989
845 991
845 994
845 1007
845 1042
845 1050
845 1051
845 1065
845 1075
845 1080
845 1128
845 1136
845 1150
845 1151
845 1227
845 1247
845 1467
846 889
846 989
846 1467
847 855
847 1467
847 1695
848 979
848 1467
848 1695
849 1467
850 893
851 855
852 994
853 915
853 936
853 1467
854 865
854 904
854 917
854 956
854 970
854 1467
855 1467
856 862
856 874
856 891
856 904
856 912
856 947
856 975
856 981
856 1035
856 1062
856 1467
856 1676
856 1692
856 1707
857 918
857 919
857 954
857 1016
857 1351
857 1363
857 1364
857 1396
857 1420
857 1467
858 892
858 917
858 943
858 979
858 996
858 999
858 1003
858 1010
858 1012
858 1019
858 1036
858 1086
858 1467
859 916
859 1084
859 1467
861 886
861 888
861 975
861 1467
862 891
862 904
862 909
862 915
862 917
862 936
862 959
862 972
862 991
862 994
862 998
862 1002
862 1016
862 1017
862 1028
862 1031
862 1036
862 1045
862 1057
862 1075
862 1077
862 1082
862 1089
862 1091
862 1098
862 1105
862 1123
862 1127
862 1136
862 1137
862 1142
862 1162
862 1165
862 1167
862 1169
862 1172
862 1173
862 1177
862 1235
862 1243
862 1244
862 1247
862 1256
862 1302
862 1341
862 1467
862 1714
863 881
863 960
863 994
863 1044
863 1091
863 1124
863 1131
863 1137
863 1189
863 1467
863 1675
863 1716
864 868
864 892
864 1061
864 1467
864 1694
864 1698
866 895
866 1001
866 1467
867 1692
868 887
868 899
868 964
868 1467
869 994
870 933
872 1675
873 915
873 936
873 1227
873 1306
873 1356
873 1467
873 1699
873 1705
874 933
874 1467
874 1701
876 917
876 983
876 991
876 1042
876 1467
877 1692
878 879
878 1467
879 1467
880 897
880 1006
880 1467
882 978
882 1467
884 888
884 898
884 911
884 915
884 916
884 947
884 952
884 967
884 972
884 983
884 984
884 991
884 996
884 1002
884 1016
884 1031
884 1101
884 1102
884 1113
884 1117
884 1121
884 1140
884 1169
884 1173
884 1174
884 1189
884 1191
884 1197
884 1203
884 1221
884 1467
884 1734
885 904
886 891
886 895
886 904
886 933
886 939
886 960
886 1467
886 1701
887 1467
888 936
888 939
888 1101
888 1116
888 1140
888 1313
888 1314
888 1328
888 1347
888 1354
888 1360
888 1364
888 1374
888 1394
888 1405
888 1413
888 1467
888 1593
888 1692
888 1738
888 1757
889 903
889 1361
889 1467
889 1705
890 916
890 1001
890 1467
891 904
891 1062
891 1467
891 1692
891 1707
892 899
892 943
892 964
892 994
892 998
892 1018
892 1127
892 1130
892 1467
893 936
893 1467
895 911
895 912
895 972
895 983
895 1326
895 1467
897 962
897 967
897 968
897 996
897 1013
897 1016
897 1039
897 1228
897 1251
897 1280
897 1331
897 1333
897 1467
898 936
898 1292
898 1467
898 1682
899 943
899 1019
899 1043
899 1115
899 1467
900 939
900 975
900 1113
900 1138
900 1362
900 1467
901 948
901 984
901 1467
902 913
902 937
902 1159
902 1467
902 1708
903 936
903 943
903 979
903 996
903 1037
903 1064
903 1075
903 1082
903 1091
903 1098
903 1109
903 1127
903 1142
903 1155
903 1172
903 1242
903 1263
903 1271
903 1325
903 1329
903 1397
903 1467
903 1702
904 909
904 915
904 936
904 943
904 947
904 953
904 957
904 968
904 981
904 990
904 991
904 994
904 1000
904 1006
904 1011
904 1016
904 1032
904 1044
904 1055
904 1065
904 1075
904 1082
904 1091
904 1102
904 1104
904 1105
904 1109
904 1121
904 1127
904 1138
904 1142
904 1150
904 1169
904 1173
904 1175
904 1189
904 1208
904 1216
904 1220
904 1222
904 1227
904 1467
904 1710
905 917
905 924
905 938
905 941
905 963
905 987
905 1467
906 956
906 1467
907 1051
908 994
909 915
909 936
909 993
909 996
909 999
909 1050
909 1064
909 1082
909 1108
909 1120
909 1127
909 1150
909 1227
909 1310
909 1324
909 1389
909 1395
909 1467
909 1679
909 1731
910 999
910 1051
910 1467
911 936
911 956
911 972
911 1049
911 1057
911 1123
911 1137
911 1253
911 1467
912 1080
912 1467
913 1467
914 1030
915 916
915 917
915 924
915 939
915 943
915 952
915 956
915 960
915 965
915 967
915 972
915 983
915 989
915 994
915 996
915 1010
915 1016
915 1024
915 1036
915 1042
915 1062
915 1064
915 1075
915 1082
915 1086
915 1102
915 1104
915 1112
915 1127
915 1144
915 1160
915 1162
915 1167
915 1169
915 1173
915 1189
915 1191
915 1227
915 1230
915 1243
915 1298
915 1302
915 1352
915 1467
915 1704
915 1707
916 958
916 1017
916 1072
916 1467
916 1701
917 951
917 956
917 962
917 972
917 975
917 981
917 983
917 991
917 996
917 1013
917 1016
917 1017
917 1023
917 1042
917 1050
917 1057
917 1075
917 1087
917 1089
917 1102
917 1105
917 1106
917 1113
917 1114
917 1162
917 1169
917 1201
917 1467
917 1672
923 1467
924 943
924 960
924 992
924 994
924 1014
924 1019
924 1050
924 1467
926 950
927 1077
929 956
931 1663
933 1001
933 1054
933 1056
933 1061
933 1079
933 1467
934 947
934 956
934 972
934 983
934 1005
934 1124
934 1467
935 1002
935 1467
936 940
936 952
936 972
936 978
936 983
936 984
936 989
936 994
936 999
936 1016
936 1017
936 1056
936 1057
936 1075
936 1091
936 1101
936 1102
936 1105
936 1112
936 1119
936 1121
936 1137
936 1142
936 1152
936 1156
936 1167
936 1221
936 1242
936 1243
936 1244
936 1254
936 1256
936 1263
936 1308
936 1467
936 1699
936 1702
936 1714
937 956
937 1467
938 1467
939 947
939 954
939 967
939 983
939 1000
939 1016
939 1042
939 1101
939 1113
939 1121
939 1137
939 1167
939 1169
939 1173
939 1174
939 1191
939 1467
940 1050
940 1467
940 1702
941 1082
941 1467
942 956
942 1075
943 998
943 1127
943 1322
943 1467
944 1706
946 947
946 952
946 1002
946 1004
946 1005
946 1025
946 1057
946 1467
947 983
947 1001
947 1007
947 1009
947 1017
947 1048
947 1062
947 1105
947 1254
947 1308
947 1467
947 1676
947 1727
948 1030
948 1239
948 1467
948 1710
949 1051
949 1057
949 1097
949 1121
949 1467
950 968
950 991
950 996
950 1002
950 1006
950 1017
950 1065
950 1084
950 1092
950 1225
950 1228
950 1467
952 953
952 956
952 1002
952 1019
952 1045
952 1050
952 1057
952 1109
952 1121
952 1193
952 1259
952 1314
952 1320
952 1345
952 1354
952 1364
952 1370
952 1374
952 1375
952 1380
952 1382
952 1385
952 1386
952 1393
952 1398
952 1403
952 1417
952 1467
952 1692
952 1738
952 1765
953 1007
953 1030
953 1048
953 1102
953 1152
953 1247
953 1467
953 1692
956 964
956 965
956 979
956 996
956 999
956 1002
956 1005
956 1010
956 1025
956 1041
956 1045
956 1046
956 1049
956 1050
956 1057
956 1065
956 1070
956 1075
956 1083
956 1099
956 1109
956 1112
956 1116
956 1122
956 1131
956 1138
956 1162
956 1179
956 1218
956 1227
956 1243
956 1250
956 1259
956 1263
956 1280
956 1301
956 1306
956 1310
956 1327
956 1333
956 1344
956 1467
957 1710
958 1002
958 1011
958 1013
958 1467
960 990
960 994
960 996
960 998
960 1019
960 1031
960 1043
960 1075
960 1078
960 1082
960 1086
960 1121
960 1127
960 1142
960 1170
960 1172
960 1175
960 1227
960 1256
960 1467
960 1712
961 980
961 991
961 1021
961 1084
961 1467
962 968
962 991
962 1007
962 1010
962 1016
962 1022
962 1032
962 1038
962 1042
962 1080
962 1091
962 1116
962 1121
962 1123
962 1128
962 1151
962 1167
962 1173
962 1188
962 1211
962 1247
962 1266
962 1269
962 1467
963 994
963 1467
964 1056
964 1075
964 1241
964 1254
964 1263
964 1287
964 1467
964 1704
964 1734
965 1001
965 1010
965 1017
965 1022
965 1023
965 1053
965 1057
965 1080
965 1106
965 1112
965 1173
965 1196
965 1247
965 1256
965 1467
967 1017
967 1065
967 1085
967 1300
967 1467
969 1042
969 1467
970 1467
972 975
972 976
972 985
972 1005
972 1045
972 1062
972 1083
972 1204
972 1221
972 1280
972 1349
972 1467
974 983
974 984
975 983
975 1013
975 1016
975 1046
975 1085
975 1153
975 1173
975 1201
975 1213
975 1467
975 1717
976 1467
978 1467
979 990
979 991
979 994
979 1015
979 1016
979 1098
979 1109
979 1110
979 1113
979 1121
979 1151
979 1156
979 1185
979 1467
980 1087
980 1467
981 991
981 1016
981 1017
981 1091
981 1167
981 1256
981 1467
983 991
983 1002
983 1007
983 1016
983 1017
983 1042
983 1045
983 1050
983 1052
983 1074
983 1105
983 1106
983 1140
983 1167
983 1201
983 1228
983 1239
983 1246
983 1265
983 1270
983 1276
983 1281
983 1284
983 1287
983 1290
983 1294
983 1297
983 1308
983 1313
983 1320
983 1339
983 1343
983 1363
983 1382
983 1467
983 1672
983 1726
984 1007
984 1030
984 1102
984 1128
984 1467
984 1701
984 1710
988 1467
989 1467
990 994
990 1012
990 1352
990 1467
991 996
991 999
991 1002
991 1010
991 1016
991 1017
991 1041
991 1045
991 1106
991 1116
991 1245
991 1266
991 1280
991 1284
991 1317
991 1339
991 1367
991 1467
993 1694
994 996
994 999
994 1010
994 1024
994 1027
994 1031
994 1037
994 1047
994 1050
994 1068
994 1078
994 1087
994 1103
994 1143
994 1149
994 1164
994 1168
994 1185
994 1186
994 1193
994 1202
994 1216
994 1243
994 1280
994 1346
994 1352
994 1353
994 1467
994 1740
995 1023
995 1052
995 1467
996 999
996 1002
996 1010
996 1016
996 1022
996 1032
996 1036
996 1038
996 1042
996 1053
996 1057
996 1075
996 1080
996 1091
996 1103
996 1110
996 1112
996 1115
996 1137
996 1147
996 1167
996 1173
996 1177
996 1214
996 1216
996 1467
998 1050
998 1087
998 1108
998 1143
998 1168
998 1282
998 1467
999 1019
999 1023
999 1031
999 1056
999 1075
999 1080
999 1098
999 1112
999 1114
999 1121
999 1127
999 1142
999 1175
999 1210
999 1243
999 1289
999 1311
999 1321
999 1467
1000 1169
1000 1467
1001 1005
1001 1080
1001 1105
1001 1131
1001 1173
1001 1246
1001 1467
1002 1010
1002 1031
1002 1061
1002 1073
1002 1092
1002 1106
1002 1113
1002 1162
1002 1194
1002 1242
1002 1467
1003 1019
1003 1346
1003 1467
1005 1083
1005 1467
1005 1663
1006 1016
1006 1021
1006 1055
1006 1113
1006 1467
1007 1022
1007 1093
1007 1105
1007 1106
1007 1123
1007 1128
1007 1152
1007 1204
1007 1221
1007 1267
1007 1421
1007 1467
1008 1467
1010 1019
1010 1022
1010 1039
1010 1042
1010 1057
1010 1075
1010 1078
1010 1082
1010 1112
1010 1127
1010 1142
1010 1149
1010 1167
1010 1175
1010 1237
1010 1312
1010 1321
1010 1329
1010 1467
1010 1730
1011 1041
1011 1467
1012 1019
1012 1346
1012 1704
1013 1016
1013 1060
1013 1156
1013 1167
1013 1467
1013 1720
1014 1021
1016 1017
1016 1038
1016 1039
1016 1042
1016 1055
1016 1087
1016 1113
1016 1156
1016 1176
1016 1216
1016 1226
1016 1229
1016 1261
1016 1467
1016 1720
1017 1042
1017 1065
1017 1072
1017 1101
1017 1113
1017 1162
1017 1169
1017 1171
1017 1240
1017 1257
1017 1467
1017 1699
1017 1713
1019 1021
1019 1031
1019 1036
1019 1050
1019 1075
1019 1078
1019 1225
1019 1310
1019 1329
1019 1467
1019 1704
1019 1715
1021 1467
1022 1030
1022 1080
1022 1105
1022 1467
1023 1045
1023 1080
1023 1100
1023 1105
1023 1467
1024 1031
1024 1061
1024 1075
1024 1112
1024 1200
1024 1467
1025 1467
1026 1137
1027 1121
1027 1467
1028 1467
1030 1105
1030 1106
1030 1204
1030 1467
1031 1036
1031 1042
1031 1075
1031 1091
1031 1110
1031 1112
1031 1116
1031 1140
1031 1151
1031 1165
1031 1173
1031 1175
1031 1213
1031 1227
1031 1231
1031 1275
1031 1467
1031 1676
1032 1053
1032 1467
1033 1037
1036 1039
1036 1110
1036 1467
1037 1145
1037 1467
1037 1719
1038 1039
1038 1467
1039 1042
1039 1171
1039 1467
1041 1075
1041 1089
1041 1091
1041 1142
1041 1341
1041 1467
1042 1106
1042 1113
1042 1167
1042 1205
1042 1237
1042 1467
1043 1050
1043 1064
1043 1107
1043 1168
1043 1185
1043 1467
1045 1066
1045 1075
1045 1084
1045 1105
1045 1167
1045 1247
1045 1263
1045 1287
1045 1288
1045 1310
1045 1312
1045 1314
1045 1378
1045 1381
1045 1467
1047 1075
1047 1121
1047 1467
1049 1467
1050 1064
1050 1082
1050 1098
1050 1105
1050 1113
1050 1127
1050 1141
1050 1142
1050 1149
1050 1165
1050 1180
1050 1185
1050 1221
1050 1225
1050 1227
1050 1242
1050 1255
1050 1256
1050 1263
1050 1375
1050 1397
1050 1467
1051 1112
1051 1467
1052 1215
1052 1224
1052 1467
1053 1077
1053 1105
1053 1137
1053 1169
1053 1467
1054 1121
1055 1467
1056 1061
1056 1120
1056 1467
1057 1123
1057 1138
1057 1231
1057 1243
1057 1467
1059 1105
1059 1467
1059 1718
1060 1467
1061 1070
1061 1467
1062 1077
1062 1140
1062 1191
1062 1230
1062 1237
1062 1240
1062 1467
1064 1098
1064 1107
1064 1108
1064 1168
1064 1184
1064 1234
1064 1263
1064 1310
1064 1312
1064 1346
1064 1467
1065 1109
1065 1259
1065 1467
1065 1729
1067 1702
1069 1121
1071 1719
1073 1467
1075 1085
1075 1091
1075 1112
1075 1136
1075 1157
1075 1192
1075 1243
1075 1259
1075 1280
1075 1289
1075 1306
1075 1310
1075 1318
1075 1333
1075 1467
1077 1119
1077 1123
1077 1177
1077 1308
1077 1467
1078 1082
1078 1216
1078 1467
1079 1121
1080 1105
1080 1137
1080 1247
1080 1467
1081 1100
1081 1105
1082 1087
1082 1107
1082 1108
1082 1139
1082 1143
1082 1163
1082 1168
1082 1199
1082 1219
1082 1278
1082 1295
1082 1467
1082 1719
1082 1722
1082 1728
1082 1730
1084 1175
1084 1368
1084 1399
1084 1467
1085 1162
1085 1467
1087 1098
1087 1110
1087 1130
1087 1467
1089 1467
1090 1094
1090 1128
1090 1467
1090 1664
1090 1676
1091 1112
1091 1150
1091 1222
1091 1243
1091 1249
1091 1291
1091 1319
1091 1467
1093 1106
1093 1467
1094 1131
1094 1467
1095 1173
1095 1467
1097 1175
1098 1127
1098 1150
1098 1168
1098 1185
1098 1225
1098 1264
1098 1271
1098 1293
1098 1306
1098 1352
1098 1467
1098 1740
1100 1105
1100 1123
1100 1362
1100 1467
1101 1217
1102 1106
1102 1123
1102 1128
1102 1133
1102 1154
1102 1177
1102 1178
1102 1211
1102 1262
1102 1320
1102 1467
1103 1467
1105 1106
1105 1119
1105 1138
1105 1152
1105 1204
1105 1236
1105 1247
1105 1290
1105 1317
1105 1467
1105 1676
1105 1723
1106 1113
1106 1169
1106 1194
1106 1198
1106 1201
1106 1221
1106 1378
1106 1467
1107 1467
1108 1127
1108 1183
1108 1310
1108 1352
1108 1467
1109 1162
1109 1242
1109 1251
1109 1467
1110 1115
1110 1190
1110 1194
1110 1216
1110 1467
1111 1243
1112 1114
1112 1136
1112 1150
1112 1175
1112 1243
1112 1268
1112 1274
1112 1467
1112 1732
1113 1167
1113 1198
1113 1277
1113 1297
1113 1467
1113 1699
1114 1157
1114 1243
1116 1467
1117 1710
1118 1721
1119 1247
1119 1313
1119 1386
1119 1417
1119 1467
1121 1467
1121 1676
1121 1679
1123 1162
1123 1167
1123 1169
1123 1257
1123 1288
1123 1467
1124 1467
1127 1145
1127 1168
1127 1172
1127 1299
1127 1337
1127 1433
1127 1456
1127 1467
1127 1719
1127 1722
1127 1730
1128 1133
1128 1181
1128 1239
1128 1467
1130 1168
1131 1467
1132 1221
1135 1161
1135 1718
1136 1467
1137 1173
1137 1193
1137 1207
1137 1253
1137 1467
1138 1467
1140 1192
1140 1237
1140 1467
1140 1672
1140 1727
1142 1150
1142 1157
1142 1200
1142 1222
1142 1249
1142 1319
1142 1353
1142 1365
1142 1383
1142 1391
1142 1397
1142 1398
1142 1399
1142 1428
1142 1433
1142 1436
1142 1442
1142 1444
1142 1453
1142 1467
1142 1751
1143 1149
1143 1467
1146 1167
1149 1280
1149 1337
1149 1467
1150 1165
1150 1200
1150 1263
1150 1273
1150 1467
1151 1467
1155 1168
1155 1467
1156 1158
1157 1312
1157 1467
1159 1283
1161 1169
1161 1173
1161 1467
1162 1194
1162 1198
1162 1228
1162 1368
1162 1467
1163 1722
1164 1165
1165 1200
1165 1243
1165 1274
1165 1467
1165 1731
1167 1192
1167 1237
1167 1280
1167 1292
1167 1297
1167 1305
1167 1467
1168 1467
1169 1467
1170 1175
1171 1277
1171 1314
1171 1330
1171 1345
1171 1354
1171 1364
1171 1417
1171 1467
1173 1174
1173 1189
1173 1232
1173 1286
1173 1290
1173 1302
1173 1339
1173 1467
1174 1467
1175 1187
1175 1243
1175 1249
1175 1319
1175 1467
1175 1530
1175 1679
1175 1697
1176 1194
1177 1201
1177 1467
1179 1231
1179 1467
1185 1467
1186 1467
1189 1467
1190 1192
1190 1242
1190 1467
1191 1467
1192 1283
1192 1305
1192 1320
1192 1331
1192 1363
1192 1364
1192 1467
1193 1243
1193 1244
1193 1298
1193 1467
1194 1198
1194 1242
1194 1467
1196 1225
1198 1467
1200 1241
1200 1244
1200 1415
1200 1422
1200 1427
1200 1433
1200 1442
1200 1467
1201 1236
1201 1262
1201 1304
1201 1330
1201 1386
1201 1467
1201 1745
1203 1467
1204 1209
1204 1262
1204 1467
1206 1467
1211 1221
1211 1224
1212 1467
1216 1289
1216 1312
1216 1467
1221 1247
1221 1276
1221 1287
1221 1308
1221 1467
1225 1293
1225 1322
1225 1329
1225 1467
1225 1740
1227 1467
1228 1467
1230 1339
1231 1467
1234 1467
1237 1288
1237 1294
1237 1467
1237 1672
1237 1717
1239 1280
1239 1467
1241 1467
1241 1758
1242 1368
1242 1380
1242 1467
1243 1244
1243 1249
1243 1263
1243 1280
1243 1312
1243 1314
1243 1467
1243 1732
1244 1249
1244 1467
1247 1280
1247 1287
1247 1467
1249 1263
1249 1467
1250 1467
1250 1699
1251 1467
1252 1467
1253 1467
1254 1467
1256 1275
1256 1467
1257 1285
1257 1288
1257 1313
1257 1320
1257 1345
1257 1347
1257 1354
1257 1440
1257 1467
1257 1736
1257 1741
1257 1755
1257 1756
1260 1290
1262 1467
1263 1280
1263 1306
1263 1326
1263 1333
1263 1397
1263 1467
1265 1290
1268 1732
1270 1305
1271 1326
1271 1397
1271 1467
1274 1467
1276 1287
1280 1287
1280 1293
1280 1310
1280 1312
1280 1329
1280 1332
1280 1348
1280 1467
1283 1467
1287 1304
1287 1305
1287 1388
1287 1467
1288 1320
1288 1347
1288 1354
1288 1366
1288 1388
1288 1394
1288 1467
1288 1738
1288 1741
1289 1467
1292 1328
1292 1467
1293 1303
1293 1346
1293 1467
1295 1325
1295 1361
1295 1412
1295 1430
1295 1435
1295 1439
1295 1447
1295 1463
1295 1467
1296 1297
1296 1467
1297 1467
1299 1306
1299 1329
1299 1383
1302 1392
1302 1467
1305 1309
1305 1323
1305 1328
1305 1336
1305 1467
1306 1326
1306 1352
1306 1397
1306 1467
1310 1337
1310 1342
1310 1352
1310 1467
1310 1744
1310 1747
1311 1346
1311 1369
1311 1398
1311 1407
1311 1428
1311 1467
1312 1326
1312 1467
1312 1679
1312 1731
1313 1360
1313 1375
1313 1394
1313 1467
1314 1353
1314 1354
1314 1356
1314 1365
1314 1391
1314 1397
1314 1410
1314 1420
1314 1425
1314 1440
1314 1467
1317 1467
1318 1467
1319 1341
1319 1467
1320 1360
1320 1363
1320 1364
1320 1370
1320 1388
1320 1406
1320 1410
1320 1424
1320 1425
1320 1438
1320 1467
1320 1738
1321 1329
1321 1467
1324 1740
1325 1361
1326 1376
1326 1467
1326 1699
1326 1731
1328 1363
1328 1375
1328 1467
1329 1337
1329 1342
1330 1387
1330 1423
1331 1467
1332 1368
1332 1467
1332 1737
1333 1376
1333 1467
1334 1467
1334 1672
1336 1467
1337 1467
1341 1467
1342 1346
1342 1467
1343 1467
1344 1467
1345 1467
1346 1352
1346 1467
1347 1360
1347 1467
1349 1745
1351 1375
1351 1467
1352 1467
1353 1364
1353 1375
1353 1380
1353 1384
1353 1467
1354 1364
1354 1370
1354 1374
1354 1406
1354 1417
1354 1467
1355 1449
1355 1467
1356 1365
1356 1371
1356 1374
1356 1375
1356 1383
1356 1387
1356 1391
1356 1410
1356 1417
1356 1449
1356 1467
1356 1737
1360 1413
1360 1467
1360 1741
1361 1368
1361 1467
1361 1744
1361 1760
1362 1364
1362 1370
1362 1375
1362 1380
1362 1455
1362 1458
1362 1464
1362 1467
1363 1364
1363 1370
1363 1396
1363 1410
1363 1424
1363 1467
1364 1365
1364 1370
1364 1380
1364 1386
1364 1396
1364 1408
1364 1410
1364 1416
1364 1424
1364 1429
1364 1439
1364 1440
1364 1445
1364 1467
1365 1390
1365 1391
1365 1410
1365 1411
1365 1416
1365 1432
1365 1439
1365 1442
1365 1467
1366 1508
1368 1380
1368 1396
1368 1401
1368 1418
1368 1426
1368 1436
1368 1439
1368 1467
1370 1375
1370 1379
1370 1380
1370 1416
1370 1431
1370 1432
1370 1467
1371 1746
1372 1467
1373 1375
1374 1467
1375 1387
1375 1410
1375 1420
1375 1467
1376 1467
1377 1467
1378 1467
1378 1748
1380 1399
1380 1410
1380 1416
1380 1431
1380 1439
1380 1453
1380 1458
1380 1467
1380 1731
1380 1748
1382 1404
1382 1467
1383 1410
1383 1416
1383 1433
1383 1439
1383 1467
1384 1390
1384 1397
1384 1467
1384 1749
1385 1398
1385 1410
1385 1467
1386 1467
1387 1388
1387 1413
1387 1467
1388 1394
1391 1399
1391 1416
1391 1434
1391 1467
1394 1467
1396 1410
1397 1403
1397 1428
1397 1442
1397 1457
1397 1467
1398 1410
1398 1416
1398 1420
1398 1453
1398 1467
1398 1767
1399 1403
1399 1467
1400 1416
1401 1467
1402 1412
1403 1410
1403 1416
1403 1433
1403 1439
1403 1467
1405 1467
1405 1755
1408 1424
1410 1420
1410 1449
1410 1467
1410 1759
1411 1439
1412 1467
1414 1449
1414 1467
1416 1432
1416 1433
1416 1441
1416 1467
1416 1743
1416 1751
1417 1467
1418 1426
1418 1439
1418 1448
1418 1467
1418 1769
1419 1425
1419 1444
1420 1467
1423 1467
1424 1429
1426 1439
1426 1467
1427 1453
1427 1467
1428 1439
1428 1442
1428 1446
1428 1452
1428 1453
1428 1467
1430 1461
1430 1467
1432 1433
1433 1434
1433 1439
1433 1448
1433 1450
1433 1453
1433 1455
1433 1461
1433 1467
1434 1467
1436 1453
1436 1467
1439 1442
1439 1447
1439 1454
1439 1460
1439 1467
1442 1453
1442 1467
1446 1761
1449 1467
1451 1453
1451 1467
1453 1458
1453 1459
1453 1467
1453 1760
1453 1768
1457 1467
1458 1462
1458 1467
1458 1770
1460 1769
1461 1467
1465 1467
1465 1768
