1 2
1 4
1 6
1 9
1 11
1 12
1 13
1 16
1 19
1 20
1 21
1 23
1 25
1 28
1 34
1 37
1 40
1 45
1 47
1 48
1 50
1 51
1 56
1 60
1 61
1 62
1 65
1 68
1 73
1 81
1 86
1 87
1 91
1 95
1 96
1 99
1 105
1 106
1 107
1 108
1 112
1 121
1 125
1 128
1 133
1 137
1 138
1 144
1 146
1 147
1 156
1 164
1 172
1 173
1 176
1 184
1 189
1 190
1 194
1 209
1 221
1 239
1 246
1 249
1 252
1 269
1 270
1 273
1 286
1 289
1 305
1 324
1 339
1 343
1 346
1 349
1 354
1 360
1 361
1 362
1 365
1 369
1 371
1 372
1 382
1 385
1 400
1 415
1 417
1 419
1 424
1 437
1 438
1 444
1 449
1 451
1 461
1 462
1 469
1 476
1 485
1 487
1 491
1 510
1 525
1 531
1 547
1 549
1 554
1 555
1 556
1 598
1 600
1 607
1 626
1 656
1 658
1 661
1 671
1 685
1 688
1 689
1 690
1 704
1 709
1 713
1 714
1 715
1 724
1 732
1 736
1 743
1 798
1 900
1 902
1 904
1 906
1 907
1 911
1 932
1 934
1 1018
1 1019
1 1229
1 1232
2 5
2 7
2 9
2 12
2 13
2 14
2 16
2 20
2 21
2 26
2 27
2 28
2 38
2 39
2 41
2 46
2 53
2 59
2 60
2 62
2 66
2 68
2 82
2 85
2 86
2 87
2 92
2 93
2 97
2 108
2 119
2 131
2 141
2 142
2 164
2 165
2 167
2 191
2 202
2 207
2 208
2 209
2 211
2 227
2 238
2 239
2 242
2 251
2 258
2 259
2 260
2 261
2 265
2 268
2 275
2 279
2 282
2 305
2 306
2 309
2 325
2 330
2 335
2 341
2 356
2 369
2 382
2 417
2 421
2 429
2 431
2 438
2 440
2 458
2 462
2 487
2 488
2 489
2 500
2 531
2 535
2 536
2 549
2 579
2 585
2 587
2 589
2 591
2 593
2 596
2 598
2 599
2 600
2 601
2 610
2 614
2 618
2 621
2 639
2 664
2 685
2 691
2 692
2 694
2 724
2 756
2 798
2 957
3 15
3 16
3 19
3 24
3 25
3 30
3 33
3 38
3 46
3 65
3 70
3 83
3 106
3 121
3 122
3 126
3 127
3 141
3 143
3 163
3 187
3 188
3 198
3 232
3 235
3 240
3 248
3 250
3 257
3 278
3 304
3 325
3 332
3 393
3 470
3 497
3 511
3 530
3 539
3 578
3 619
3 627
3 628
3 653
3 659
3 762
3 763
3 766
3 767
3 770
3 771
3 772
3 773
3 810
3 821
3 822
3 823
3 825
3 826
3 827
3 846
3 847
3 849
3 850
3 853
3 854
3 855
3 856
3 857
3 858
3 859
3 860
3 861
3 870
3 871
3 872
3 940
3 959
3 966
3 967
3 970
3 971
3 972
3 973
3 974
3 975
3 981
3 982
3 983
3 984
3 987
3 988
3 991
3 992
3 996
3 997
3 1000
3 1001
3 1003
3 1004
3 1005
3 1008
3 1009
3 1010
3 1024
3 1061
3 1062
3 1063
3 1064
3 1065
3 1066
3 1067
3 1069
3 1070
3 1071
3 1072
3 1073
3 1074
3 1076
3 1077
3 1078
3 1079
3 1080
3 1081
3 1082
3 1083
3 1084
3 1085
3 1086
3 1087
3 1088
3 1089
3 1090
3 1091
3 1092
3 1093
3 1094
3 1095
3 1096
3 1097
3 1098
3 1099
3 1100
3 1101
3 1102
3 1103
3 1104
3 1105
3 1106
3 1107
3 1108
3 1111
3 1112
3 1113
3 1114
3 1115
3 1116
3 1117
3 1118
3 1119
3 1120
3 1122
3 1123
3 1124
3 1136
3 1137
3 1138
3 1139
3 1140
3 1141
3 1143
3 1144
3 1145
3 1147
3 1148
3 1149
3 1151
3 1152
3 1153
3 1163
3 1164
3 1165
3 1166
3 1167
3 1168
3 1169
3 1170
3 1171
3 1217
3 1218
3 1219
3 1220
3 1221
3 1222
3 1337
3 1341
3 1342
3 1343
3 1345
3 1349
3 1352
3 1357
3 1359
3 1360
3 1361
3 1362
3 1363
3 1364
3 1365
3 1366
3 1367
3 1368
3 1369
3 1370
3 1371
3 1372
3 1373
3 1374
3 1376
3 1379
3 1380
3 1393
3 1399
3 1401
4 7
4 11
4 21
4 23
4 36
4 41
4 61
4 62
4 69
4 71
4 76
4 88
4 92
4 95
4 99
4 118
4 132
4 252
4 263
4 273
4 324
4 327
4 342
4 343
4 374
4 412
4 419
4 437
4 444
4 451
4 452
4 468
4 473
4 495
4 496
4 546
4 557
4 558
4 562
4 563
4 571
4 661
4 663
4 703
4 704
4 705
4 707
4 743
4 744
4 866
4 891
4 892
4 893
4 895
4 896
4 897
4 898
4 899
4 900
4 901
4 902
4 903
4 904
4 906
4 907
4 908
4 909
4 911
4 913
4 915
4 917
4 919
4 958
4 959
4 1110
4 1156
4 1157
4 1250
4 1251
5 14
5 22
5 148
5 272
5 279
5 396
5 614
6 8
6 21
6 44
6 98
6 132
6 168
6 210
6 259
6 305
6 307
6 334
6 361
6 366
6 399
6 484
6 487
6 535
6 581
6 582
6 588
6 591
6 592
6 593
6 597
6 609
6 641
6 655
6 750
6 798
6 881
6 882
6 930
6 932
6 933
6 1017
6 1018
6 1020
6 1021
6 1022
7 11
7 12
7 18
7 19
7 25
7 28
7 32
7 36
7 39
7 42
7 59
7 61
7 63
7 73
7 76
7 82
7 88
7 93
7 94
7 97
7 99
7 104
7 131
7 145
7 147
7 169
7 180
7 183
7 205
7 243
7 266
7 280
7 304
7 314
7 321
7 326
7 360
7 372
7 396
7 397
7 398
7 401
7 403
7 419
7 437
7 451
7 459
7 471
7 475
7 486
7 492
7 493
7 510
7 517
7 521
7 523
7 526
7 540
7 629
7 645
7 646
7 647
7 648
7 665
7 666
7 667
7 669
7 701
7 703
7 704
7 705
7 707
7 710
7 717
7 719
7 720
7 732
7 739
7 743
7 744
7 747
7 748
7 867
7 883
7 884
7 885
7 886
7 887
7 888
7 889
7 890
7 894
7 895
7 896
7 897
7 898
7 899
7 900
7 901
7 902
7 903
7 904
7 905
7 906
7 907
7 910
7 911
7 912
7 913
7 914
7 915
7 916
7 917
7 918
7 919
7 1028
7 1030
7 1229
7 1230
7 1231
7 1248
7 1250
7 1251
7 1388
7 1389
7 1395
8 21
8 98
8 131
8 132
8 168
8 210
8 259
8 305
8 307
8 334
8 366
8 399
8 484
8 487
8 535
8 548
8 581
8 582
8 588
8 591
8 592
8 593
8 597
8 609
8 641
8 655
8 750
8 798
8 881
8 882
8 930
8 932
8 933
8 1017
8 1018
8 1020
8 1021
8 1022
9 11
9 12
9 13
9 14
9 20
9 21
9 22
9 27
9 40
9 45
9 57
9 85
9 96
9 107
9 110
9 117
9 151
9 158
9 164
9 190
9 242
9 258
9 278
9 333
9 338
9 358
9 407
9 421
9 429
9 462
9 580
9 636
9 751
9 752
10 17
10 43
10 218
10 244
10 427
10 651
10 753
11 12
11 14
11 18
11 20
11 21
11 28
11 51
11 61
11 71
11 86
11 99
11 101
11 133
11 147
11 164
11 176
11 183
11 191
11 195
11 196
11 271
11 305
11 334
11 338
11 345
11 415
11 419
11 422
11 437
11 451
11 467
11 476
11 542
11 543
11 544
11 545
11 546
11 547
11 636
11 661
11 672
11 673
11 681
11 692
11 703
11 704
11 705
11 707
11 708
11 710
11 711
11 716
11 732
11 743
11 744
11 895
11 896
11 897
11 898
11 899
11 900
11 901
11 902
11 903
11 904
11 905
11 906
11 907
11 911
11 913
11 915
11 917
11 919
11 951
11 952
11 1003
11 1008
11 1058
11 1059
11 1180
11 1181
11 1185
11 1186
11 1191
11 1192
11 1197
11 1198
11 1231
11 1234
11 1236
11 1248
11 1249
11 1250
11 1251
12 13
12 20
12 22
12 28
12 38
12 39
12 44
12 46
12 48
12 50
12 53
12 59
12 60
12 62
12 73
12 77
12 91
12 93
12 97
12 105
12 108
12 115
12 133
12 136
12 137
12 138
12 164
12 184
12 190
12 191
12 212
12 215
12 224
12 246
12 269
12 271
12 280
12 282
12 284
12 286
12 321
12 333
12 337
12 358
12 368
12 371
12 384
12 400
12 453
12 457
12 464
12 465
12 496
12 512
12 520
12 580
12 604
12 631
12 668
12 686
12 688
12 698
12 722
12 724
12 729
12 730
12 758
12 844
12 869
12 1202
12 1203
12 1204
12 1205
12 1206
12 1207
12 1208
12 1209
12 1210
12 1428
12 1429
13 20
13 22
13 23
13 26
13 28
13 44
13 48
13 50
13 56
13 59
13 60
13 77
13 91
13 95
13 105
13 115
13 133
13 136
13 137
13 172
13 176
13 184
13 190
13 212
13 246
13 269
13 286
13 333
13 337
13 358
13 365
13 368
13 371
13 384
13 385
13 400
13 449
13 457
13 464
13 491
13 580
13 604
13 656
13 658
13 668
13 688
13 698
13 722
13 724
13 729
13 730
13 844
13 1229
13 1232
14 20
14 21
14 26
14 27
14 29
14 41
14 43
14 52
14 61
14 79
14 84
14 85
14 86
14 99
14 103
14 130
14 132
14 148
14 154
14 175
14 203
14 208
14 209
14 211
14 213
14 218
14 230
14 236
14 239
14 258
14 259
14 260
14 268
14 272
14 275
14 279
14 294
14 295
14 302
14 305
14 307
14 309
14 319
14 335
14 348
14 356
14 394
14 413
14 414
14 417
14 419
14 429
14 433
14 434
14 440
14 451
14 458
14 480
14 487
14 488
14 489
14 500
14 535
14 536
14 546
14 549
14 554
14 585
14 587
14 589
14 591
14 593
14 596
14 597
14 598
14 599
14 600
14 601
14 610
14 621
14 639
14 692
14 694
14 704
14 705
14 710
14 743
14 744
14 756
14 798
14 899
14 900
14 901
14 902
14 903
14 904
14 905
14 907
14 913
14 915
14 917
14 919
14 957
14 1231
14 1234
15 30
15 46
15 63
15 65
15 106
15 228
15 762
15 763
15 766
15 767
15 870
15 871
15 872
15 959
15 966
16 30
16 55
16 58
16 78
16 108
16 129
16 143
16 310
16 351
16 369
16 416
16 623
16 624
16 762
16 763
16 766
16 767
16 806
16 807
16 808
16 809
16 870
16 873
16 874
16 875
16 876
16 877
16 878
16 879
16 959
16 966
17 244
17 427
17 753
18 20
18 28
18 31
18 32
18 52
18 71
18 101
18 191
18 196
18 222
18 345
18 400
18 422
18 506
18 659
18 951
18 952
18 1171
18 1172
19 20
19 23
19 25
19 28
19 33
19 45
19 56
19 65
19 70
19 82
19 93
19 141
19 179
19 187
19 188
19 198
19 241
19 253
19 406
19 492
19 493
19 636
19 653
19 718
19 762
19 763
19 768
19 769
19 772
19 773
19 774
19 775
19 776
19 777
19 778
19 779
19 780
19 781
19 782
19 783
19 821
19 822
19 984
19 993
19 1342
19 1343
19 1344
19 1345
19 1346
19 1347
19 1348
19 1349
19 1350
19 1351
19 1352
19 1353
19 1354
19 1356
19 1357
19 1358
19 1360
19 1361
19 1365
19 1367
19 1368
19 1370
19 1372
19 1373
19 1377
19 1378
19 1380
19 1381
19 1382
19 1383
19 1384
19 1385
19 1386
20 25
20 28
20 45
20 61
20 96
20 101
20 164
20 211
20 358
20 430
20 698
21 22
21 27
21 29
21 37
21 40
21 41
21 56
21 59
21 62
21 92
21 132
21 146
21 221
21 284
21 364
21 382
21 385
21 400
21 410
21 418
21 424
21 453
21 476
21 494
21 551
21 572
21 573
21 575
21 631
21 661
21 685
21 693
21 750
21 869
21 1428
21 1429
22 27
22 29
22 40
22 67
22 85
22 107
22 155
22 190
22 272
22 357
22 396
22 462
22 608
22 614
22 687
22 688
22 693
22 696
22 726
22 730
22 758
23 25
23 56
23 76
23 95
23 136
23 176
23 183
23 365
23 385
23 449
23 491
23 656
23 658
23 661
23 732
23 1229
23 1232
24 46
24 65
24 106
24 126
24 248
24 278
24 507
24 530
24 627
24 628
24 659
24 762
24 763
24 770
24 771
24 772
24 773
24 810
24 821
24 825
24 826
24 827
24 847
24 849
24 850
24 853
24 854
24 855
24 860
24 861
24 940
24 970
24 984
24 991
24 1062
24 1063
24 1064
24 1065
24 1066
24 1067
24 1069
24 1071
24 1072
24 1076
24 1078
24 1079
24 1081
24 1082
24 1084
24 1085
24 1087
24 1088
24 1090
24 1091
24 1093
24 1094
24 1096
24 1097
24 1099
24 1100
24 1102
24 1103
24 1105
24 1106
24 1112
24 1113
24 1114
24 1115
24 1117
24 1118
24 1137
24 1140
24 1141
24 1144
24 1145
24 1148
24 1149
24 1152
24 1153
24 1163
24 1164
24 1165
24 1166
24 1167
24 1168
24 1169
24 1170
24 1171
24 1337
24 1341
24 1352
24 1364
24 1365
24 1366
24 1379
25 28
25 33
25 34
25 45
25 56
25 65
25 70
25 82
25 141
25 179
25 241
25 253
25 406
25 447
25 492
25 529
25 636
25 653
25 725
26 74
26 458
26 583
26 722
26 1388
26 1390
27 103
27 130
27 358
28 39
28 60
28 82
28 97
28 108
28 180
28 223
28 345
28 358
28 471
28 492
28 525
28 528
28 698
29 34
29 41
29 43
29 59
29 79
29 151
29 218
29 242
29 258
29 284
29 329
29 331
29 472
29 693
29 696
29 731
29 869
30 46
30 63
30 143
30 228
30 822
30 823
30 847
30 849
30 854
30 855
30 856
30 857
30 966
30 967
30 970
30 972
30 973
30 974
30 975
30 981
30 982
30 983
30 984
30 991
30 992
30 996
30 997
30 1000
30 1001
30 1004
30 1005
30 1009
30 1010
30 1024
30 1061
30 1062
30 1064
30 1065
30 1066
30 1067
30 1070
30 1071
30 1073
30 1074
30 1077
30 1078
30 1080
30 1081
30 1083
30 1084
30 1086
30 1087
30 1089
30 1090
30 1092
30 1093
30 1095
30 1096
30 1098
30 1099
30 1101
30 1102
30 1104
30 1105
30 1107
30 1108
30 1111
30 1113
30 1114
30 1116
30 1117
30 1119
30 1120
30 1123
30 1124
30 1136
30 1341
30 1342
30 1343
30 1345
30 1352
30 1357
30 1359
30 1360
30 1363
30 1364
30 1365
30 1366
30 1367
30 1368
30 1369
30 1370
30 1371
30 1372
30 1376
30 1379
30 1380
31 32
31 118
31 134
31 235
31 239
31 246
31 257
31 259
31 323
31 380
31 420
31 429
31 433
31 436
31 487
31 497
31 518
31 638
31 967
31 968
31 1024
31 1069
31 1070
31 1072
31 1073
31 1074
31 1075
31 1076
31 1077
31 1079
31 1080
31 1082
31 1083
31 1085
31 1086
31 1088
31 1089
31 1091
31 1092
31 1094
31 1095
31 1097
31 1098
31 1100
31 1101
31 1103
31 1104
31 1106
31 1107
31 1108
31 1109
31 1115
31 1116
31 1118
31 1119
31 1120
31 1121
31 1138
31 1139
31 1141
31 1142
31 1143
31 1145
31 1146
31 1147
31 1149
31 1150
31 1151
31 1153
31 1154
31 1155
31 1158
31 1159
31 1160
31 1161
31 1162
31 1171
31 1172
31 1173
31 1174
31 1175
31 1176
31 1177
31 1178
31 1223
31 1224
31 1225
31 1226
31 1227
31 1426
31 1427
31 1433
31 1434
32 118
32 235
32 239
32 246
32 257
32 259
32 323
32 380
32 420
32 429
32 433
32 436
32 487
32 497
32 518
32 638
32 967
32 968
32 1024
32 1069
32 1070
32 1072
32 1073
32 1074
32 1075
32 1076
32 1077
32 1079
32 1080
32 1082
32 1083
32 1085
32 1086
32 1088
32 1089
32 1091
32 1092
32 1094
32 1095
32 1097
32 1098
32 1100
32 1101
32 1103
32 1104
32 1106
32 1107
32 1108
32 1109
32 1115
32 1116
32 1118
32 1119
32 1120
32 1121
32 1138
32 1139
32 1141
32 1142
32 1143
32 1145
32 1146
32 1147
32 1149
32 1150
32 1151
32 1153
32 1154
32 1155
32 1158
32 1159
32 1160
32 1161
32 1162
32 1171
32 1172
32 1173
32 1174
32 1175
32 1176
32 1177
32 1178
32 1223
32 1224
32 1225
32 1226
32 1227
32 1426
32 1427
32 1433
32 1434
33 38
33 46
33 70
33 80
33 83
33 89
33 127
33 163
33 198
33 232
33 238
33 262
33 653
33 663
33 733
33 823
33 824
33 847
33 848
33 849
33 850
33 851
33 852
33 926
33 932
33 933
33 935
33 940
33 947
33 948
33 950
33 954
33 955
33 956
33 970
33 971
33 973
33 984
33 985
33 986
33 989
33 990
33 994
33 995
33 996
33 997
33 998
33 999
33 1000
33 1001
33 1002
33 1003
33 1005
33 1006
33 1007
33 1008
33 1010
33 1011
33 1012
33 1014
33 1015
33 1016
33 1031
33 1061
33 1063
33 1111
33 1112
33 1342
33 1347
33 1352
33 1354
33 1355
33 1365
33 1375
34 62
34 138
34 235
34 257
34 312
34 332
34 405
34 529
34 668
34 687
34 699
34 712
34 730
34 731
34 868
35 57
35 78
35 90
35 114
35 118
35 122
35 134
35 235
35 359
35 380
35 420
35 436
35 518
35 751
35 752
35 967
35 968
35 1179
35 1180
35 1183
35 1184
35 1185
35 1188
35 1189
35 1190
35 1191
35 1193
35 1194
35 1195
35 1196
35 1197
35 1199
35 1200
35 1201
35 1212
35 1213
35 1252
35 1253
35 1254
35 1255
35 1256
35 1257
35 1258
35 1259
35 1260
35 1261
35 1262
35 1263
35 1264
35 1265
35 1266
35 1267
35 1268
35 1269
35 1270
35 1271
35 1272
35 1273
35 1274
35 1275
35 1276
35 1277
35 1278
35 1279
35 1280
35 1281
35 1282
35 1286
35 1287
35 1288
35 1289
35 1290
35 1291
35 1292
35 1293
35 1294
35 1295
35 1296
35 1297
35 1298
35 1299
35 1300
35 1301
35 1302
35 1303
35 1304
35 1305
35 1306
35 1307
35 1308
35 1309
35 1310
35 1311
35 1312
35 1313
35 1314
35 1315
35 1316
35 1317
35 1318
35 1319
35 1320
35 1324
35 1325
35 1326
35 1327
35 1328
35 1329
35 1330
35 1331
35 1333
35 1334
35 1335
35 1336
35 1426
35 1427
36 150
37 54
37 76
37 112
37 400
37 471
37 630
37 750
38 39
38 46
38 65
38 70
38 80
38 141
38 158
38 262
38 478
38 612
38 613
38 649
38 653
38 733
38 734
38 735
38 760
38 761
38 762
38 763
38 925
38 935
39 44
39 46
39 53
39 73
39 93
39 97
39 108
39 164
39 191
39 266
39 280
39 321
39 453
39 504
39 512
39 520
39 668
40 62
40 71
40 92
40 99
40 107
40 120
40 337
40 429
40 431
40 548
40 617
40 618
40 709
40 932
40 933
40 934
41 84
41 132
41 342
41 661
41 731
41 756
42 205
42 350
42 450
43 79
43 218
43 259
43 294
43 487
43 651
44 62
44 225
44 296
44 342
44 548
44 668
45 160
45 274
45 508
45 642
45 937
46 63
46 65
46 70
46 126
46 141
46 228
46 325
46 507
46 653
46 938
47 159
47 209
47 339
47 687
47 1340
48 50
48 105
48 159
48 549
48 1340
49 64
49 82
49 359
49 938
50 159
50 194
50 239
50 295
50 371
50 394
50 434
50 1340
51 99
51 147
51 164
51 415
51 419
51 437
51 451
51 547
51 662
51 672
51 704
51 743
51 900
51 902
51 904
51 906
51 907
51 911
52 236
52 281
52 288
52 370
52 380
52 537
52 868
53 58
53 135
53 160
53 161
53 162
53 191
53 193
53 281
53 283
53 369
54 86
54 112
54 400
55 58
56 183
56 221
56 377
56 732
57 110
57 178
57 407
57 580
57 751
57 752
58 310
58 446
59 68
59 79
59 242
59 269
59 284
59 333
59 431
59 475
59 510
59 620
59 693
59 1432
60 87
60 133
60 438
60 610
60 757
61 68
61 104
61 164
61 176
61 190
61 289
61 327
61 410
61 430
61 467
61 521
61 551
61 561
61 572
61 576
61 661
61 841
61 1231
61 1234
61 1250
61 1251
62 92
62 132
62 138
62 215
62 224
62 225
62 265
62 282
62 382
62 494
62 512
62 522
62 524
62 548
62 661
62 664
62 685
62 1202
63 65
63 228
63 233
63 243
63 318
63 369
63 873
63 874
64 82
64 359
64 938
65 70
65 83
65 106
65 127
65 163
65 167
65 198
65 232
65 354
65 553
65 653
65 762
65 763
65 770
65 771
66 167
66 207
66 220
66 226
66 251
66 287
67 730
68 119
68 431
68 614
68 618
68 634
69 116
69 156
69 193
69 258
69 264
69 281
69 446
69 661
69 663
69 923
69 1239
69 1242
69 1424
70 83
70 127
70 141
70 163
70 187
70 188
70 198
70 232
70 653
70 760
70 761
70 762
70 763
71 263
71 285
71 422
71 661
71 663
71 734
71 925
71 933
71 934
72 663
72 921
72 928
73 82
73 93
73 94
73 98
73 142
73 154
73 166
73 231
73 354
73 372
73 453
73 485
73 486
74 390
74 583
74 629
75 486
76 96
76 471
76 492
76 522
76 528
76 661
76 727
76 732
77 137
78 114
78 122
78 143
78 228
78 402
78 837
78 838
78 855
78 856
78 959
78 966
78 967
78 970
78 1024
78 1211
78 1261
78 1269
78 1282
78 1287
78 1288
78 1290
78 1291
78 1293
78 1294
78 1296
78 1297
78 1298
78 1299
78 1300
78 1301
78 1302
78 1303
78 1304
78 1313
78 1314
78 1315
78 1316
78 1317
78 1318
78 1319
78 1320
78 1321
78 1322
78 1323
78 1325
78 1326
78 1328
78 1329
78 1331
78 1332
78 1334
78 1335
79 218
79 242
80 158
80 823
80 824
80 847
80 848
80 849
80 850
80 851
80 852
80 970
80 971
80 973
80 984
80 985
80 986
80 989
80 990
80 994
80 995
80 996
80 997
80 998
80 999
80 1000
80 1001
80 1002
80 1003
80 1005
80 1006
80 1007
80 1008
80 1010
80 1011
80 1012
80 1014
80 1015
80 1016
80 1031
80 1061
80 1063
80 1111
80 1112
80 1342
80 1347
80 1352
80 1354
80 1355
80 1365
80 1375
81 186
81 192
81 229
81 362
81 660
81 754
81 755
81 799
81 800
82 93
82 154
82 165
82 280
82 492
82 524
83 127
83 141
83 197
83 198
83 199
83 653
84 1023
84 1025
84 1131
84 1132
86 109
86 112
86 175
86 260
86 361
86 400
86 692
87 306
87 757
87 798
88 145
88 324
88 661
89 122
89 477
89 498
89 721
89 935
89 940
90 102
90 122
90 196
90 278
90 835
90 836
90 838
90 839
90 840
90 842
90 843
90 847
90 855
90 856
90 939
90 1181
90 1182
90 1186
90 1187
90 1192
90 1193
90 1198
90 1199
90 1211
90 1212
90 1284
90 1285
90 1288
90 1289
90 1290
90 1291
90 1292
90 1293
90 1294
90 1295
90 1296
90 1297
90 1298
90 1299
90 1300
90 1301
90 1302
90 1303
90 1304
90 1305
90 1306
90 1307
90 1308
90 1309
90 1310
90 1311
90 1312
90 1313
90 1314
90 1315
90 1316
90 1317
90 1318
90 1319
90 1320
90 1321
90 1322
90 1323
90 1326
90 1327
90 1328
90 1329
90 1330
90 1331
90 1332
90 1335
90 1336
90 1337
90 1338
91 115
91 273
92 132
92 157
92 159
92 201
92 202
92 215
92 225
92 227
92 265
92 382
92 661
92 664
92 685
93 142
93 280
93 654
93 725
94 109
94 131
94 226
94 261
94 287
94 505
95 365
95 496
95 661
98 169
98 226
98 231
98 454
98 460
98 930
99 147
99 176
99 419
99 437
99 448
99 506
99 546
99 661
99 703
99 704
99 708
99 709
99 891
99 1026
99 1239
99 1240
99 1241
100 755
100 1013
100 1249
101 172
102 160
102 627
102 628
102 808
102 809
102 810
102 811
102 812
102 813
102 814
102 815
102 816
102 817
102 818
102 819
102 820
102 831
102 832
102 833
102 839
102 840
103 156
103 336
105 626
106 121
106 122
106 235
106 240
106 248
106 250
106 257
106 304
106 332
106 470
106 497
106 511
106 539
106 553
106 578
106 619
106 1136
106 1137
106 1139
106 1140
106 1143
106 1144
106 1147
106 1148
106 1151
106 1152
106 1163
106 1164
106 1165
106 1166
106 1167
106 1168
106 1169
106 1170
106 1217
106 1218
106 1219
106 1220
106 1221
106 1222
106 1337
106 1393
106 1399
106 1401
107 152
107 156
107 931
108 164
108 180
108 223
108 369
108 400
109 175
109 299
109 361
109 505
110 178
110 333
110 407
111 287
111 328
111 652
113 395
113 1023
114 122
114 1211
114 1261
114 1269
114 1282
117 217
117 751
117 752
118 367
118 412
118 420
118 432
118 435
118 481
118 643
118 661
118 682
118 862
118 863
118 891
118 892
118 933
118 953
118 1387
118 1426
119 353
120 735
120 932
120 934
121 1122
121 1123
122 248
122 313
122 553
122 880
122 1187
122 1188
122 1211
122 1258
122 1259
122 1261
122 1266
122 1267
122 1269
122 1272
122 1273
122 1278
122 1279
122 1282
122 1337
122 1338
123 320
123 463
124 139
124 274
124 457
124 670
125 135
125 170
125 189
125 486
126 846
126 847
126 858
126 859
126 938
126 970
126 971
126 972
126 974
126 975
126 987
126 988
126 996
126 1003
126 1004
126 1008
126 1009
126 1137
126 1138
126 1343
126 1349
126 1357
126 1359
126 1361
126 1362
126 1370
126 1371
126 1373
126 1374
127 141
127 187
127 188
127 197
127 198
127 199
127 653
128 541
128 732
129 416
129 870
129 877
129 879
130 413
130 423
130 554
131 165
131 226
131 548
131 616
131 617
131 929
132 342
132 661
133 657
135 161
135 162
135 171
135 281
135 486
136 184
137 444
138 227
138 494
138 512
138 522
138 524
138 1208
139 281
139 670
140 390
141 163
141 198
141 202
141 232
141 325
141 653
142 182
142 208
142 226
142 287
142 654
144 246
144 249
144 410
144 534
144 551
144 574
146 265
146 685
147 637
147 672
147 677
147 735
147 1047
147 1050
147 1051
147 1052
147 1216
148 319
149 226
149 625
151 331
151 472
152 274
153 254
154 165
154 208
154 226
154 287
154 579
155 357
155 396
155 614
156 1242
157 159
157 225
157 1340
158 278
158 642
158 836
158 837
158 1075
158 1121
158 1285
158 1286
158 1324
158 1333
159 194
159 225
159 339
159 483
159 1340
160 493
160 937
161 162
161 281
162 281
162 486
163 198
163 653
164 289
164 452
164 456
164 671
165 226
166 185
166 210
166 354
166 740
167 226
167 238
168 749
168 750
169 486
171 206
171 1242
173 206
173 254
173 270
174 272
175 260
175 299
175 335
175 361
176 437
176 448
176 451
176 546
176 658
176 681
176 703
176 704
176 705
176 707
176 710
176 741
176 742
176 743
176 744
176 745
176 746
176 841
176 895
176 896
176 897
176 898
176 899
176 900
176 901
176 902
176 903
176 904
176 905
176 906
176 907
176 911
176 913
176 915
176 917
176 1228
176 1234
176 1235
176 1236
176 1239
176 1240
176 1241
176 1244
176 1245
176 1246
176 1250
176 1251
176 1391
176 1392
176 1404
176 1405
176 1406
176 1407
176 1408
176 1409
176 1410
176 1411
176 1412
176 1413
176 1414
176 1415
176 1416
176 1417
176 1418
176 1419
176 1420
176 1421
176 1422
176 1423
176 1431
176 1435
176 1436
177 637
177 734
177 920
177 959
177 1425
178 407
179 379
179 447
179 821
179 822
179 984
179 993
179 1342
179 1343
179 1344
179 1345
179 1346
179 1347
179 1348
179 1349
179 1350
179 1351
179 1352
179 1353
179 1354
179 1356
179 1357
179 1358
179 1360
179 1361
179 1365
179 1367
179 1368
179 1370
179 1372
179 1373
179 1377
179 1378
179 1380
179 1381
179 1382
179 1383
179 1384
179 1385
179 1386
180 255
180 400
180 471
180 630
181 191
182 199
182 287
183 195
183 363
183 732
184 260
185 210
185 223
185 740
186 229
186 660
187 188
187 198
187 393
187 653
188 198
188 393
188 653
189 381
190 373
190 377
190 462
190 464
191 196
192 229
193 281
194 315
194 487
194 1340
195 216
195 456
195 732
196 507
197 261
198 199
198 653
200 201
200 233
201 202
201 215
201 652
202 215
202 234
202 251
202 393
203 208
204 237
204 304
204 961
204 978
204 979
205 350
208 226
208 408
209 275
210 740
210 751
210 752
210 1022
210 1156
210 1157
212 286
213 230
213 503
214 370
214 420
214 455
214 499
215 245
215 1205
216 355
217 258
217 443
218 259
218 294
218 487
218 554
218 651
219 267
219 292
219 389
219 428
219 747
220 438
221 330
222 400
224 282
224 482
225 548
226 408
226 454
226 486
226 625
226 654
227 282
227 474
229 300
229 754
229 755
230 686
231 454
232 653
233 318
234 393
235 332
235 436
235 868
235 1217
237 921
237 933
237 953
237 976
237 977
237 1240
237 1394
237 1402
239 488
239 1225
240 244
240 470
240 619
241 253
242 421
244 753
246 269
246 429
246 844
247 735
247 738
248 1337
248 1338
249 269
249 759
250 490
250 538
250 1218
251 287
251 325
252 324
252 661
252 724
253 338
255 630
256 279
257 332
257 497
257 868
257 1129
257 1130
257 1219
257 1433
258 281
258 331
258 417
258 472
258 541
259 307
259 487
259 585
259 593
259 1224
260 335
261 287
261 579
262 735
262 926
262 932
262 947
262 948
263 296
263 661
264 281
264 446
264 1424
265 685
266 504
266 739
267 276
268 549
268 739
269 580
270 313
272 396
272 614
273 473
273 661
275 737
277 488
278 508
280 293
280 408
281 288
281 486
285 663
285 920
285 953
286 343
287 411
287 579
287 652
288 411
289 377
290 291
290 318
291 466
294 751
294 752
295 348
295 394
295 434
296 342
296 548
297 390
298 301
298 577
299 361
300 347
302 480
303 880
304 1128
304 1221
304 1395
304 1396
304 1399
305 334
305 339
305 596
305 605
305 641
306 482
307 585
307 592
307 756
308 749
309 489
311 1424
312 1232
312 1233
313 344
314 375
314 1247
314 1248
315 594
316 322
316 360
316 759
317 709
317 738
317 958
317 1239
320 463
321 372
322 390
322 475
322 759
323 1133
323 1226
324 363
324 479
324 661
326 360
327 611
327 661
328 531
329 426
329 552
329 869
330 341
331 442
331 472
332 1127
332 1220
333 407
333 620
334 399
335 610
337 457
338 636
339 606
339 1340
340 447
340 824
340 834
340 1109
340 1283
341 346
342 548
342 661
343 468
343 661
344 880
346 461
347 405
348 394
348 414
348 429
348 433
348 434
349 427
349 461
352 732
355 362
356 957
357 396
357 614
358 698
359 938
359 975
359 988
359 1252
359 1253
359 1254
359 1255
359 1256
359 1257
359 1258
359 1260
359 1261
359 1262
359 1263
359 1265
359 1266
359 1267
359 1268
359 1269
359 1270
359 1271
359 1273
359 1274
359 1275
359 1277
359 1278
359 1279
359 1281
359 1282
360 510
364 385
364 658
365 509
366 500
366 588
367 374
367 1041
368 400
368 465
368 496
369 381
369 721
370 537
370 577
370 868
371 736
371 1247
372 485
372 625
373 635
374 495
374 558
374 661
376 387
376 963
378 477
378 721
378 723
378 926
378 941
379 718
380 518
380 537
380 868
382 424
382 664
383 386
383 501
383 502
383 514
384 404
384 730
385 491
386 387
386 723
387 514
387 515
387 962
387 964
388 523
388 564
391 392
392 640
394 434
395 1023
396 540
396 614
397 672
397 680
397 704
398 672
398 897
398 1237
399 602
399 603
400 750
401 1229
403 707
405 712
406 636
409 455
410 418
410 534
410 576
412 532
412 661
413 554
414 429
415 437
415 543
415 547
417 476
419 451
419 545
419 546
419 547
419 645
419 661
419 703
419 705
419 707
419 895
419 896
419 897
419 898
419 907
420 432
420 537
420 1427
423 554
424 664
425 455
426 1125
429 433
429 434
431 548
433 434
433 1227
435 891
435 892
437 542
437 661
437 665
437 891
437 1436
439 672
439 674
439 1214
440 639
441 536
443 541
444 452
444 661
445 959
449 656
451 647
451 661
451 892
451 897
451 903
451 906
451 1412
452 456
452 661
453 494
458 503
459 906
462 531
463 483
463 529
467 513
468 513
468 661
469 520
469 525
473 635
473 661
475 510
478 612
481 569
483 529
484 581
484 655
485 689
487 500
487 591
487 1223
490 538
490 868
491 582
491 1339
493 718
493 867
494 512
495 557
495 661
496 661
497 1393
497 1434
498 502
501 721
505 519
506 659
506 1026
508 642
509 697
509 698
511 1222
512 520
516 940
516 965
516 980
517 521
517 560
519 699
521 551
521 562
522 524
522 528
523 526
525 528
526 866
527 747
530 805
530 821
530 842
532 558
533 712
533 713
535 621
535 798
536 798
539 578
544 547
546 661
546 1110
546 1431
550 615
551 574
551 575
552 747
554 555
554 556
557 558
557 661
557 715
558 661
559 560
559 566
561 563
561 572
562 563
562 661
563 661
564 568
565 566
565 569
567 568
567 570
569 570
571 576
571 661
571 866
572 573
579 640
581 582
582 1339
583 1389
583 1390
584 585
585 586
585 756
587 588
587 591
589 590
589 593
594 683
595 684
596 597
597 609
598 599
598 688
600 601
600 607
604 688
608 687
611 657
613 649
614 618
615 616
615 881
615 882
616 617
616 881
616 882
617 618
620 1432
621 622
623 624
627 628
627 810
628 821
629 1388
629 1389
631 869
631 1428
632 747
633 942
633 965
637 735
638 1024
643 644
646 899
648 896
650 1182
650 1183
650 1194
650 1195
650 1200
650 1201
650 1259
650 1264
659 940
661 663
661 703
661 704
661 705
661 707
661 743
661 744
661 866
661 891
661 892
661 893
661 895
661 896
661 897
661 898
661 899
661 900
661 901
661 902
661 903
661 904
661 906
661 907
661 908
661 909
661 911
661 913
661 915
661 917
661 919
661 958
661 959
661 1110
661 1156
661 1157
661 1250
661 1251
662 672
663 924
663 935
663 954
663 1239
665 672
665 675
665 1215
666 1250
667 1251
668 699
669 672
669 678
669 703
672 673
672 674
672 675
672 676
672 677
672 678
672 679
672 680
672 700
672 701
672 702
672 706
672 884
672 1237
672 1238
676 700
679 701
683 684
686 722
686 729
687 730
688 726
688 730
689 690
689 726
690 691
691 724
692 694
693 696
694 695
696 758
697 698
701 705
702 706
703 891
703 908
703 1228
704 705
704 707
704 741
704 893
704 895
704 899
705 742
705 893
705 898
705 901
705 908
707 898
707 908
707 1407
710 717
710 905
710 909
710 1406
711 716
713 714
714 715
718 762
718 763
718 768
718 769
718 772
718 773
718 774
718 775
718 776
718 777
718 778
718 779
718 780
718 781
718 782
718 783
721 926
721 940
723 926
723 942
723 962
724 729
727 728
727 732
728 736
733 734
733 926
733 933
733 947
733 950
734 959
734 969
734 1425
735 738
740 751
740 752
740 1156
740 1157
743 745
743 747
743 892
743 900
743 906
744 746
744 748
744 892
744 902
744 904
744 919
747 1068
747 1126
747 1134
747 1135
751 752
754 799
754 800
755 1013
760 762
760 802
761 763
761 804
762 764
762 766
762 768
762 770
762 782
762 784
762 786
762 788
762 790
762 792
762 794
762 796
762 1026
762 1027
762 1029
762 1032
762 1033
762 1034
762 1035
762 1038
762 1039
762 1053
762 1054
762 1055
763 765
763 767
763 769
763 771
763 783
763 785
763 787
763 789
763 791
763 793
763 795
763 797
763 1026
763 1027
763 1029
763 1032
763 1033
763 1034
763 1035
763 1038
763 1039
763 1053
763 1054
763 1055
764 796
764 805
764 806
765 797
765 805
765 806
766 790
766 792
766 794
766 796
767 791
767 793
767 795
767 797
768 782
768 784
768 786
768 788
768 790
768 1026
768 1027
768 1029
768 1032
768 1033
768 1034
768 1035
768 1038
768 1039
768 1053
768 1054
768 1055
769 783
769 785
769 787
769 789
769 791
769 1026
769 1027
769 1029
769 1032
769 1033
769 1034
769 1035
769 1038
769 1039
769 1053
769 1054
769 1055
770 772
771 773
772 774
773 775
774 776
775 777
776 778
777 779
778 780
779 781
780 782
781 783
782 784
783 785
784 786
785 787
786 788
787 789
788 790
789 791
790 792
791 793
792 794
793 795
794 796
795 797
796 805
796 806
797 805
797 806
799 801
800 803
801 802
803 804
805 806
805 834
805 835
805 842
805 1283
805 1284
806 807
806 814
806 828
807 808
807 814
807 829
808 809
808 814
808 830
808 831
808 832
809 811
809 814
809 815
810 813
810 819
810 820
811 817
811 818
812 813
812 814
812 815
812 830
812 831
813 816
814 816
814 828
814 829
814 830
817 819
818 819
818 820
818 830
818 832
819 830
819 833
821 822
821 825
822 823
823 824
823 1063
824 834
825 826
826 827
830 831
830 832
830 833
831 833
832 833
834 835
835 836
836 837
837 838
838 839
839 840
839 843
839 1323
842 843
844 845
846 847
847 848
847 849
847 853
847 855
847 857
847 858
847 859
849 850
849 851
849 861
850 860
850 1061
851 852
853 854
854 1111
855 856
856 1332
862 865
863 864
869 1429
870 871
870 875
870 879
871 872
872 873
873 874
873 878
874 875
876 877
878 879
881 882
883 895
884 898
884 1238
885 907
886 900
887 901
888 902
889 903
890 904
891 892
891 1239
891 1241
892 896
892 897
892 899
892 900
892 902
892 903
892 904
892 906
892 907
892 908
892 1239
892 1240
892 1241
893 895
893 898
893 1239
894 905
895 898
895 908
895 1408
896 907
896 1413
897 1411
898 908
898 1410
899 905
899 1404
900 903
900 915
900 1416
901 908
901 1409
902 903
902 904
902 907
902 911
902 1419
903 913
903 1420
904 917
904 1421
905 909
905 1405
906 1414
907 911
907 1417
908 1239
908 1240
909 911
909 913
909 915
909 917
909 919
909 1239
910 911
911 1415
912 913
913 1423
914 915
915 1418
916 917
917 919
917 1422
918 919
920 923
920 926
920 928
920 943
920 944
920 953
920 959
920 969
920 1239
920 1425
921 928
921 933
921 945
921 946
921 950
921 951
921 953
921 955
921 976
921 977
921 1240
921 1243
921 1394
921 1397
921 1398
922 926
922 927
922 1241
923 943
923 944
923 1239
924 925
924 1239
924 1240
925 926
925 933
925 935
925 1240
926 927
926 928
926 932
926 933
926 940
926 941
926 942
926 959
926 969
926 1027
926 1029
926 1032
926 1033
926 1034
926 1035
926 1036
926 1037
926 1038
926 1039
926 1053
926 1054
926 1055
926 1239
926 1241
927 1241
928 1239
932 933
932 934
932 1027
932 1029
932 1032
932 1033
932 1034
932 1035
932 1036
932 1037
932 1038
932 1039
932 1053
932 1054
932 1055
933 934
933 953
933 959
933 969
933 976
933 977
933 1387
933 1394
933 1397
933 1398
935 940
935 954
935 955
935 956
936 937
940 941
940 960
941 942
941 965
942 960
943 944
944 945
945 946
946 947
947 948
947 950
948 949
950 951
951 952
953 976
953 977
953 1387
953 1394
953 1397
953 1398
954 955
955 956
955 1243
958 959
958 1239
959 966
959 967
959 969
960 980
966 970
967 968
967 1024
969 1425
970 971
970 974
970 996
970 1341
971 972
971 1003
972 973
973 994
974 975
974 981
975 984
975 987
975 988
976 978
976 1397
977 979
977 1398
981 982
982 983
984 985
984 991
984 993
985 986
985 989
985 990
991 992
994 995
994 1015
996 997
996 1000
997 998
998 999
998 1014
1000 1001
1001 1002
1003 1004
1003 1008
1003 1058
1004 1005
1005 1006
1006 1007
1006 1016
1008 1009
1008 1059
1009 1010
1010 1011
1011 1012
1011 1031
1013 1017
1014 1015
1015 1016
1017 1018
1018 1019
1019 1020
1020 1021
1021 1022
1023 1025
1025 1028
1026 1027
1027 1029
1027 1032
1028 1030
1029 1033
1029 1035
1032 1033
1033 1034
1034 1035
1034 1038
1034 1053
1035 1036
1036 1037
1036 1038
1037 1039
1038 1039
1038 1048
1038 1049
1038 1050
1038 1054
1039 1047
1039 1048
1039 1049
1039 1055
1040 1041
1041 1042
1041 1043
1043 1044
1044 1045
1044 1046
1045 1060
1046 1060
1047 1048
1047 1049
1047 1051
1048 1049
1048 1050
1048 1054
1048 1055
1048 1056
1048 1057
1049 1050
1049 1054
1049 1055
1049 1056
1049 1057
1050 1052
1053 1054
1054 1055
1054 1056
1055 1057
1061 1062
1062 1066
1063 1064
1064 1065
1065 1076
1066 1067
1067 1069
1069 1070
1070 1071
1071 1072
1072 1073
1073 1074
1074 1075
1075 1324
1076 1077
1077 1078
1078 1079
1079 1080
1080 1081
1081 1082
1082 1083
1083 1084
1084 1085
1085 1086
1086 1087
1087 1088
1088 1089
1089 1090
1090 1091
1091 1092
1092 1093
1093 1094
1094 1095
1095 1096
1096 1097
1097 1098
1098 1099
1099 1100
1100 1101
1101 1102
1102 1103
1103 1104
1104 1105
1105 1106
1106 1107
1107 1108
1108 1109
1109 1283
1110 1239
1111 1112
1112 1113
1113 1114
1114 1115
1115 1116
1116 1117
1117 1118
1118 1119
1119 1120
1120 1121
1121 1333
1122 1123
1122 1142
1122 1146
1122 1150
1122 1155
1122 1162
1122 1176
1122 1213
1122 1253
1122 1254
1122 1255
1122 1256
1122 1257
1123 1124
1124 1136
1125 1430
1131 1132
1136 1137
1137 1138
1137 1163
1138 1139
1138 1143
1139 1140
1139 1147
1140 1141
1141 1142
1141 1160
1142 1253
1143 1144
1143 1147
1143 1151
1144 1145
1145 1146
1146 1254
1147 1148
1148 1149
1149 1158
1149 1159
1150 1158
1150 1159
1150 1257
1151 1152
1152 1153
1153 1154
1154 1155
1155 1255
1156 1157
1160 1161
1161 1162
1162 1256
1163 1164
1164 1165
1165 1166
1166 1167
1167 1168
1168 1169
1169 1170
1170 1171
1171 1172
1172 1173
1173 1174
1174 1175
1175 1177
1176 1178
1176 1213
1177 1178
1179 1180
1179 1213
1180 1181
1181 1182
1182 1183
1183 1184
1184 1185
1185 1186
1186 1187
1187 1188
1188 1189
1189 1190
1190 1191
1191 1192
1192 1193
1193 1194
1194 1195
1195 1196
1196 1197
1197 1198
1198 1199
1199 1200
1200 1201
1201 1212
1202 1203
1203 1204
1205 1206
1206 1207
1208 1209
1209 1210
1211 1212
1229 1232
1230 1231
1230 1233
1231 1234
1232 1233
1234 1235
1234 1236
1236 1435
1239 1244
1240 1245
1240 1394
1241 1246
1248 1249
1250 1391
1251 1392
1252 1253
1252 1258
1253 1258
1254 1265
1254 1266
1255 1270
1255 1271
1256 1262
1256 1263
1257 1276
1257 1278
1258 1259
1259 1260
1259 1264
1260 1261
1262 1263
1263 1264
1265 1266
1266 1267
1267 1268
1267 1269
1268 1269
1269 1275
1270 1271
1271 1272
1272 1273
1273 1274
1273 1275
1274 1275
1276 1277
1277 1278
1278 1279
1279 1280
1279 1282
1280 1281
1281 1282
1283 1284
1284 1285
1285 1286
1286 1287
1287 1288
1288 1289
1288 1290
1289 1290
1290 1291
1291 1292
1291 1293
1292 1293
1293 1294
1294 1295
1294 1296
1295 1296
1296 1297
1297 1305
1297 1313
1298 1306
1298 1313
1298 1314
1299 1307
1299 1314
1299 1315
1300 1308
1300 1315
1300 1316
1301 1309
1301 1316
1301 1317
1302 1310
1302 1317
1302 1318
1303 1311
1303 1318
1303 1319
1304 1312
1304 1319
1304 1320
1305 1313
1306 1314
1307 1315
1308 1316
1309 1317
1310 1318
1311 1319
1312 1320
1320 1321
1321 1322
1322 1323
1324 1325
1325 1326
1326 1327
1326 1328
1327 1328
1328 1329
1328 1335
1328 1336
1329 1330
1329 1331
1330 1331
1331 1332
1333 1334
1334 1335
1335 1336
1337 1338
1341 1342
1341 1352
1342 1343
1342 1347
1342 1351
1343 1344
1343 1345
1343 1349
1345 1346
1347 1348
1349 1350
1352 1353
1352 1354
1352 1357
1352 1364
1354 1355
1354 1356
1357 1358
1357 1359
1357 1363
1359 1360
1360 1361
1361 1362
1364 1365
1365 1366
1365 1370
1365 1375
1365 1379
1365 1384
1365 1385
1366 1367
1367 1368
1368 1369
1370 1371
1370 1376
1370 1377
1371 1372
1372 1373
1373 1374
1377 1378
1379 1380
1380 1381
1381 1382
1382 1383
1385 1386
1388 1389
1388 1390
1389 1390
1396 1400
1399 1400
1399 1401
1399 1403
1402 1403
1428 1429