0	496
0	499
0	502
0	504
0	589
0	592
0	691
0	937
0	1007
1	249
1	589
1	772
2	249
2	589
2	773
3	249
3	589
3	774
4	249
4	589
4	775
5	249
5	589
5	776
6	249
6	589
6	777
7	249
7	589
7	778
8	589
8	656
8	734
9	589
9	657
9	734
10	166
10	316
10	513
10	733
10	819
11	249
11	589
11	678
11	819
12	589
12	668
13	409
13	515
13	589
14	515
14	589
14	980
15	515
15	589
15	981
16	515
16	589
16	599
17	515
17	589
17	600
18	515
18	589
18	757
19	515
19	589
19	759
20	409
20	516
20	589
21	516
21	589
21	980
22	516
22	589
22	981
23	516
23	589
23	599
24	516
24	589
24	600
25	516
25	589
25	757
26	516
26	589
26	759
27	240
27	409
27	570
27	589
27	772
28	240
28	570
28	589
28	600
28	776
29	240
29	570
29	589
29	599
29	775
30	240
30	570
30	589
30	759
30	778
31	240
31	570
31	589
31	757
31	777
32	562
32	589
32	734
32	735
32	843
33	240
33	570
33	589
33	774
33	981
34	240
34	570
34	589
34	773
34	980
35	112
35	589
36	116
36	589
37	121
37	589
38	170
38	589
39	589
39	738
39	861
40	41
40	589
40	734
41	40
41	42
41	733
41	830
42	278
42	473
42	589
43	41
43	892
44	735
44	935
45	145
45	264
45	589
45	592
45	736
46	67
46	146
46	589
46	592
46	736
47	117
47	733
48	259
48	511
49	78
49	196
49	733
49	735
50	194
50	738
51	52
52	51
52	249
52	364
52	589
52	668
52	819
52	1010
53	278
53	288
53	409
53	515
53	589
53	787
53	830
54	278
54	289
54	515
54	589
54	788
54	830
54	980
55	278
55	290
55	515
55	589
55	789
55	830
55	981
56	278
56	291
56	515
56	589
56	599
56	790
56	830
57	278
57	292
57	515
57	589
57	600
57	791
57	830
58	278
58	293
58	515
58	589
58	757
58	792
58	830
59	278
59	294
59	515
59	589
59	759
59	793
59	830
60	278
60	288
60	409
60	516
60	589
60	796
60	830
61	278
61	289
61	516
61	589
61	797
61	830
61	980
62	278
62	290
62	516
62	589
62	798
62	830
62	981
63	278
63	291
63	516
63	589
63	599
63	799
63	830
64	278
64	292
64	516
64	589
64	600
64	800
64	830
65	278
65	293
65	516
65	589
65	757
65	801
65	830
66	278
66	294
66	516
66	589
66	759
66	802
66	830
67	46
67	735
68	735
68	891
68	892
69	212
69	218
69	315
69	364
69	565
69	735
70	144
70	364
70	592
71	119
71	819
72	409
72	570
72	589
73	513
73	861
74	73
74	249
74	589
75	76
75	249
75	589
76	513
76	861
77	551
77	733
77	735
78	630
78	733
78	735
79	735
79	783
80	81
80	417
80	564
80	589
80	733
80	735
81	80
81	257
81	436
81	589
81	592
81	708
81	910
81	946
82	83
82	392
82	414
82	430
82	462
82	819
82	945
83	82
83	216
83	513
84	573
84	620
84	733
85	570
85	589
85	600
86	570
86	589
86	599
87	113
87	114
88	261
88	692
89	176
89	589
89	819
89	830
89	939
90	698
91	90
91	592
92	177
92	830
93	591
93	592
93	733
94	67
94	364
94	502
94	827
95	570
95	589
95	759
96	570
96	589
96	757
97	101
97	257
97	589
98	100
98	257
98	589
99	257
99	589
99	863
100	99
100	249
100	589
100	734
100	819
101	98
101	249
101	589
101	734
101	819
102	97
102	249
102	589
102	734
102	819
103	93
103	363
104	166
104	592
104	795
105	571
105	819
106	592
106	909
107	570
107	589
107	981
108	570
108	589
108	980
111	261
111	984
112	245
112	819
113	87
113	115
113	589
113	592
113	734
114	87
114	592
115	184
115	364
116	390
116	819
117	118
117	249
117	589
118	364
118	1034
119	120
119	592
120	735
120	897
121	583
121	819
122	241
122	326
122	589
122	592
122	736
123	211
123	317
123	589
123	592
123	734
124	592
124	920
125	418
125	589
125	592
125	733
126	592
126	921
127	592
127	922
128	592
128	919
129	151
129	399
129	589
129	592
129	734
130	152
130	408
130	589
130	592
130	734
131	153
131	589
131	592
131	736
131	931
132	154
132	589
132	592
132	736
132	933
133	155
133	589
133	592
133	622
133	734
134	156
134	589
134	592
134	602
134	734
135	157
135	589
135	592
135	736
135	936
136	158
136	240
136	589
136	592
136	736
136	948
136	987
136	988
137	159
137	589
137	592
137	734
137	754
138	161
138	589
138	592
138	736
138	950
139	160
139	589
139	592
139	736
139	949
140	162
140	589
140	592
140	734
140	763
141	163
141	589
141	592
141	736
141	951
142	425
142	589
142	592
142	733
143	165
143	589
143	592
143	734
143	929
144	513
144	592
144	636
144	977
145	79
145	114
145	261
145	365
145	589
145	861
145	937
145	1026
146	261
146	632
147	124
147	735
148	126
148	735
149	127
149	735
150	128
150	735
151	218
151	756
152	218
152	402
153	131
153	735
154	132
154	735
155	218
155	322
156	218
156	930
157	135
157	735
158	136
158	735
159	218
159	625
160	139
160	735
161	138
161	735
162	218
162	821
163	141
163	735
164	102
164	364
165	218
165	411
166	10
166	104
166	167
166	249
166	589
166	734
167	261
167	854
168	350
168	795
168	819
168	898
169	266
169	901
170	819
170	1024
171	562
171	589
171	917
172	171
172	589
172	734
173	426
173	830
174	173
174	589
174	861
175	176
175	249
175	589
176	89
176	249
177	103
177	249
177	589
178	216
178	861
180	164
180	830
183	185
183	249
183	589
184	261
184	659
185	830
185	939
186	312
186	313
186	316
186	735
186	819
187	466
187	589
187	592
187	733
187	734
187	765
188	189
188	363
188	589
188	830
189	364
189	782
190	434
190	592
190	819
191	48
191	195
191	249
191	589
191	819
192	557
192	589
192	592
192	826
193	190
193	819
194	193
194	735
195	191
196	551
196	589
196	630
196	733
196	735
197	84
197	861
199	200
200	199
200	432
200	592
201	203
201	244
202	589
202	692
202	937
203	199
203	249
203	589
204	819
204	871
205	206
205	278
205	589
206	426
206	830
207	73
207	364
207	592
207	736
207	878
208	207
208	519
208	589
208	735
209	266
209	277
209	396
209	589
209	820
211	218
212	593
212	711
212	738
213	218
213	242
213	249
213	278
213	589
213	731
213	830
214	211
214	213
214	589
215	218
215	240
215	241
215	364
216	213
216	218
216	476
216	589
216	733
216	734
216	736
218	69
218	114
218	211
218	213
218	215
218	216
218	217
218	225
218	227
218	228
218	229
218	241
218	242
218	243
218	249
218	299
218	322
218	352
218	364
218	365
218	452
218	589
218	625
218	672
218	674
218	728
218	730
218	733
218	819
219	8
219	733
220	221
220	735
220	819
221	213
221	220
221	239
221	261
221	559
221	589
221	736
223	222
223	819
224	226
224	249
224	589
224	861
225	224
225	819
225	830
225	992
226	213
226	231
226	532
227	218
227	550
228	220
228	249
229	218
229	675
230	231
230	249
230	589
230	861
231	226
232	233
232	861
233	226
233	650
234	230
234	589
234	861
236	238
236	352
236	628
238	236
238	237
238	257
239	213
239	221
239	562
239	767
240	136
240	215
240	278
240	365
240	401
240	410
240	603
240	671
240	727
240	755
240	758
240	762
240	781
240	830
240	932
240	992
241	122
241	735
242	213
242	218
242	316
242	819
243	213
243	218
243	387
243	589
243	892
244	245
244	278
244	392
244	589
244	624
244	738
244	819
244	830
245	244
245	249
245	278
245	589
245	638
245	738
245	866
245	873
246	247
246	249
246	316
246	332
246	589
247	255
247	830
248	249
248	316
248	333
248	589
248	819
249	166
249	213
249	265
249	278
249	312
249	316
249	338
249	363
249	364
249	365
249	394
249	395
249	404
249	405
249	412
249	413
249	451
249	458
249	460
249	461
249	521
249	537
249	565
249	578
249	581
249	586
249	589
249	592
249	641
249	738
249	819
249	823
249	830
249	836
249	861
249	910
249	952
249	1001
249	1015
250	249
250	572
250	589
251	252
252	249
252	367
252	589
252	607
252	614
252	619
253	278
253	589
253	867
254	589
255	248
255	578
255	589
256	303
256	855
256	1023
257	244
257	872
258	420
258	424
258	589
258	830
259	48
259	504
259	937
260	176
260	195
260	249
260	502
260	589
260	734
260	819
261	111
261	145
261	146
261	172
261	210
261	221
261	364
261	562
261	589
261	592
261	628
261	734
261	735
261	753
261	765
261	817
261	861
261	900
261	902
261	905
261	910
261	911
261	913
261	917
261	1009
262	249
262	265
262	316
262	589
262	819
262	1011
263	278
263	589
263	822
263	830
264	45
264	735
265	249
265	262
265	266
265	480
265	589
265	738
265	819
265	856
265	861
266	209
266	249
266	265
266	267
266	278
266	364
266	365
266	562
266	589
266	731
266	819
266	830
266	856
266	861
266	996
266	1026
268	272
269	249
269	268
269	589
269	819
270	271
270	589
271	364
271	738
271	1022
272	268
272	478
273	56
273	63
273	667
274	74
274	589
274	592
274	734
274	925
275	100
275	101
275	237
275	257
275	276
275	277
275	323
275	364
275	368
275	369
275	370
275	371
275	393
275	396
275	449
275	589
275	692
275	708
275	832
275	863
276	201
276	589
276	904
277	209
277	275
278	244
278	245
278	249
278	316
278	403
278	537
278	631
278	819
278	867
279	224
279	282
279	589
280	224
280	279
280	283
280	589
280	653
281	224
281	265
281	279
281	280
281	284
281	589
281	654
282	233
282	249
282	589
283	282
283	653
284	265
284	282
284	283
284	654
285	217
285	365
285	830
285	837
286	249
286	589
287	249
287	316
287	589
295	240
295	589
295	784
296	249
296	589
296	785
297	647
297	819
297	878
298	249
298	589
298	819
298	870
299	534
299	589
299	1001
300	519
300	621
301	302
301	589
302	249
302	301
302	479
302	485
302	500
302	589
302	819
302	874
303	249
303	256
303	278
303	304
303	305
303	364
303	365
303	589
303	767
303	819
303	830
303	908
304	303
304	511
306	118
306	589
307	306
307	861
308	249
308	278
308	309
308	312
308	589
308	738
308	819
308	830
310	249
310	589
310	819
311	310
311	584
311	592
312	48
312	186
312	249
312	263
312	278
312	304
312	308
312	314
312	331
312	364
312	403
312	511
312	537
312	562
312	589
312	593
312	626
312	708
312	738
312	753
312	819
312	830
312	863
312	910
313	44
313	186
313	589
313	592
313	618
313	735
313	736
315	69
315	216
315	565
315	589
315	736
316	10
316	11
316	42
316	48
316	52
316	73
316	76
316	89
316	97
316	98
316	99
316	103
316	104
316	109
316	118
316	166
316	176
316	179
316	185
316	186
316	188
316	195
316	199
316	206
316	207
316	218
316	220
316	226
316	231
316	233
316	242
316	244
316	246
316	247
316	248
316	249
316	250
316	251
316	260
316	262
316	266
316	267
316	268
316	269
316	275
316	278
316	296
316	298
316	302
316	303
316	304
316	305
316	308
316	309
316	310
316	312
316	314
316	328
316	330
316	332
316	333
316	334
316	335
316	338
316	348
316	349
316	352
316	364
316	365
316	366
316	367
316	372
316	375
316	376
316	377
316	378
316	379
316	380
316	381
316	382
316	383
316	386
316	387
316	389
316	394
316	397
316	401
316	402
316	404
316	406
316	410
316	411
316	412
316	415
316	419
316	438
316	440
316	450
316	451
316	458
316	459
316	460
316	461
316	463
316	465
316	475
316	478
316	479
316	482
316	484
316	485
316	486
316	488
316	489
316	491
316	493
316	494
316	496
316	497
316	500
316	503
316	508
316	514
316	515
316	516
316	517
316	518
316	519
316	521
316	522
316	533
316	537
316	542
316	548
316	550
316	555
316	556
316	558
316	560
316	562
316	563
316	567
316	570
316	574
316	575
316	578
316	585
316	586
316	587
316	589
316	592
316	601
316	603
316	606
316	608
316	611
316	625
316	632
316	633
316	635
316	640
316	641
316	642
316	644
316	653
316	654
316	659
316	660
316	662
316	663
316	664
316	668
316	669
316	672
316	675
316	678
316	679
316	680
316	681
316	684
316	690
316	692
316	693
316	694
316	695
316	696
316	707
316	710
316	727
316	733
316	734
316	735
316	738
316	739
316	740
316	755
316	756
316	758
316	762
316	764
316	767
316	772
316	773
316	774
316	775
316	776
316	777
316	778
316	781
316	785
316	786
316	787
316	788
316	789
316	790
316	791
316	792
316	793
316	795
316	796
316	797
316	798
316	799
316	800
316	801
316	802
316	803
316	804
316	805
316	806
316	807
316	808
316	809
316	810
316	812
316	813
316	814
316	815
316	816
316	819
316	821
316	822
316	825
316	827
316	828
316	830
316	833
316	839
316	842
316	843
316	844
316	845
316	855
316	856
316	859
316	865
316	867
316	873
316	876
316	879
316	885
316	889
316	890
316	893
316	894
316	898
316	903
316	904
316	906
316	911
316	918
316	924
316	927
316	930
316	932
316	934
316	938
316	939
316	940
316	941
316	943
316	978
316	979
316	982
316	986
316	996
316	997
316	1001
316	1010
316	1011
316	1014
316	1025
316	1026
316	1027
316	1033
316	1034
316	1035
316	1038
317	123
317	322
317	479
318	376
318	535
319	567
319	589
319	734
319	736
320	512
320	572
321	325
321	589
321	734
322	317
322	480
324	323
324	592
324	733
324	735
325	213
325	322
325	589
326	327
326	733
326	735
327	157
327	240
327	364
328	249
328	321
328	500
328	589
328	592
328	819
328	902
329	589
329	731
330	278
330	589
331	423
331	592
332	246
332	249
332	589
332	819
332	833
333	248
333	249
333	589
333	819
333	833
334	316
334	331
334	353
334	364
334	589
334	738
334	819
335	249
335	589
335	819
336	148
336	240
336	364
337	147
337	240
337	364
337	933
338	249
338	316
338	363
338	381
338	404
338	581
338	592
338	952
339	363
339	589
339	772
339	803
339	846
340	363
340	589
340	776
340	807
340	850
341	363
341	589
341	775
341	806
341	849
342	363
342	589
342	778
342	809
342	852
343	363
343	589
343	777
343	808
343	851
344	363
344	589
344	774
344	805
344	848
345	363
345	589
345	773
345	804
345	847
346	425
346	589
346	734
347	418
347	589
347	734
348	249
348	387
348	565
348	589
348	819
349	249
349	589
349	819
350	174
350	180
350	285
350	562
350	589
350	627
350	829
350	861
351	347
351	733
352	213
352	236
352	592
352	753
352	910
353	278
353	304
353	334
353	589
353	767
353	830
354	363
354	589
354	644
354	648
354	649
355	589
356	589
356	772
356	796
357	589
357	773
357	797
358	589
358	774
358	798
359	589
359	775
359	799
360	589
360	776
360	800
361	589
361	777
361	801
362	589
362	778
362	802
363	249
363	338
363	390
363	391
363	819
363	867
364	249
364	266
364	334
364	450
364	589
364	597
364	628
364	735
364	753
364	819
364	820
365	218
365	240
365	249
365	266
365	278
365	322
365	364
365	376
365	378
365	380
365	402
365	411
365	502
365	550
365	565
365	589
365	601
365	625
365	672
365	675
365	734
365	756
365	764
365	784
365	810
365	819
365	820
365	821
365	827
365	830
365	885
365	892
365	906
365	911
365	930
365	934
366	249
366	589
366	819
367	235
367	249
367	469
367	589
367	592
367	595
367	748
367	819
367	999
367	1000
372	249
372	373
372	479
372	485
372	500
372	589
372	819
372	874
373	372
373	589
374	364
374	393
374	592
374	692
374	832
375	249
375	376
375	377
375	379
375	535
375	589
375	819
376	318
376	375
376	378
376	380
376	592
377	249
377	375
377	378
377	589
377	819
378	376
379	249
379	375
379	380
379	589
379	819
380	376
380	379
381	177
381	189
381	316
381	338
381	339
381	340
381	341
381	342
381	343
381	344
381	345
381	354
381	363
381	406
381	497
381	589
381	592
381	819
381	830
382	249
382	383
382	589
382	592
382	819
383	249
383	589
383	819
384	589
384	861
384	902
384	928
385	364
385	589
385	738
386	249
386	589
386	594
386	738
386	819
386	861
387	179
387	185
387	189
387	249
387	266
387	278
387	363
387	364
387	388
387	389
387	560
387	589
387	592
387	594
387	738
387	819
387	830
387	861
387	910
388	598
388	738
388	861
390	363
390	391
390	537
390	589
390	738
390	873
390	1024
391	589
391	738
391	1020
392	82
392	244
392	430
392	589
392	738
393	198
393	244
394	249
394	316
394	395
394	397
395	249
395	392
395	394
395	819
396	209
396	249
396	275
396	450
396	589
396	819
397	316
397	394
397	395
397	431
397	589
397	738
397	830
398	434
398	592
398	819
399	129
399	402
399	479
400	278
400	401
400	402
400	589
400	830
401	153
401	240
401	364
401	400
401	589
402	365
402	399
402	400
402	480
402	589
403	278
403	511
404	249
404	316
404	405
404	406
405	249
405	404
405	407
405	819
406	316
406	404
406	405
406	463
406	589
406	738
406	830
407	462
407	589
407	738
408	130
408	411
408	479
409	278
409	410
409	411
409	589
409	787
409	796
409	830
410	27
410	158
410	240
410	364
410	409
410	589
410	645
410	772
411	365
411	408
411	409
411	480
411	589
412	249
412	316
412	413
412	415
413	249
413	412
413	414
413	819
414	82
414	588
414	589
415	316
415	412
415	413
415	414
415	589
415	830
415	833
416	417
416	478
416	861
417	482
417	484
417	513
417	570
417	592
417	711
417	735
417	819
417	864
417	876
417	924
418	589
418	613
419	735
419	937
420	258
421	81
421	364
421	830
422	205
422	536
423	331
423	589
423	708
423	768
423	863
424	422
424	819
425	589
425	612
426	249
426	419
426	589
426	819
427	592
427	616
429	430
429	819
430	82
430	589
430	624
431	428
431	429
431	589
431	819
431	830
432	88
432	502
432	589
432	734
432	819
433	204
433	589
433	732
434	190
434	874
435	580
435	639
435	830
437	80
437	436
437	592
437	709
438	278
438	316
438	589
438	733
438	740
438	830
439	110
439	593
439	738
440	109
440	244
440	249
440	365
440	589
442	441
442	708
442	863
443	444
443	445
443	584
445	446
445	952
446	444
446	445
446	448
447	445
447	448
447	584
449	589
449	734
449	886
450	323
450	393
450	589
450	692
451	249
451	316
451	458
451	459
452	451
452	589
452	1018
453	365
453	452
453	589
454	261
454	453
454	455
455	457
455	735
456	454
456	592
457	451
457	589
457	629
458	249
458	451
458	819
458	945
459	316
459	451
459	456
459	458
459	589
459	830
460	249
460	316
460	461
460	463
461	249
461	419
461	458
461	460
461	462
461	819
462	82
462	249
462	461
462	589
462	1020
463	316
463	460
463	461
463	589
463	830
464	249
464	465
464	589
465	92
465	179
465	185
465	266
465	278
465	364
465	589
465	592
465	734
465	735
465	786
465	819
465	830
466	71
466	187
466	478
466	513
466	589
466	734
466	819
466	881
467	468
467	589
467	999
468	470
468	589
468	999
470	469
470	589
470	999
471	592
471	634
473	43
473	493
473	589
474	216
474	589
474	738
475	216
475	249
475	500
475	589
475	592
475	819
475	902
476	216
476	589
476	734
477	249
477	484
477	589
478	249
478	272
478	416
478	466
478	484
478	506
478	513
478	519
478	532
478	562
478	589
478	684
478	706
478	733
478	819
478	881
478	883
478	1033
479	32
479	317
479	399
479	408
479	480
479	589
479	602
479	622
479	733
479	735
479	738
479	754
479	763
479	861
479	929
480	301
480	322
480	373
480	402
480	411
480	473
480	479
480	485
480	490
480	492
480	495
480	589
480	625
480	756
480	821
480	906
480	930
481	617
482	417
482	657
483	249
483	482
483	510
483	589
484	417
484	478
484	513
484	819
485	249
485	486
485	589
485	592
485	812
485	819
485	896
486	249
486	302
486	372
486	479
486	485
486	489
486	491
486	493
486	494
486	589
486	819
487	249
487	352
487	486
487	589
487	819
488	43
488	249
488	486
488	589
488	819
489	249
489	479
489	485
489	490
489	500
489	589
489	819
489	874
490	489
490	589
491	249
491	479
491	485
491	492
491	500
491	589
491	819
491	874
492	491
492	589
493	43
493	249
493	473
493	479
493	485
493	486
493	500
493	589
493	819
493	874
494	249
494	479
494	485
494	495
494	500
494	589
494	819
494	874
495	494
495	589
496	0
496	249
496	503
496	533
496	562
496	589
496	819
497	498
497	735
498	397
498	406
498	415
498	463
498	497
498	592
500	479
500	501
500	733
500	735
500	830
501	216
501	301
501	321
501	373
501	473
501	481
501	485
501	490
501	492
501	495
501	500
501	536
501	564
501	589
501	592
501	902
502	249
502	364
502	496
502	589
502	590
502	708
502	819
502	863
503	249
503	260
503	589
503	819
504	0
504	259
504	592
504	635
505	604
505	761
505	830
505	999
506	249
506	477
506	478
506	550
506	589
506	861
507	249
507	508
507	589
507	853
508	519
508	668
509	553
509	589
509	686
509	733
510	483
510	589
511	48
511	80
511	304
511	403
511	589
511	626
511	674
511	709
511	831
511	910
512	250
512	456
512	519
512	522
512	550
512	677
512	678
512	679
512	819
512	830
512	1003
513	10
513	76
513	364
513	417
513	465
513	466
513	478
513	484
513	589
513	734
513	867
513	924
513	1033
514	249
514	349
514	570
514	589
514	819
515	249
515	474
515	570
515	589
515	819
516	249
516	568
516	570
516	589
516	819
517	249
517	570
517	589
517	637
517	819
518	249
518	570
518	589
518	819
518	892
519	208
519	478
519	508
519	512
519	550
519	589
519	592
519	736
519	819
519	955
519	1001
520	545
520	589
520	1001
521	249
521	522
521	589
521	819
522	316
522	512
522	521
522	819
522	1004
523	521
524	197
524	589
524	592
525	75
525	589
525	592
526	589
526	734
526	925
527	528
527	861
528	589
528	734
528	923
529	589
529	925
530	532
530	861
531	225
531	365
531	532
531	589
532	478
532	531
532	738
532	819
533	249
533	316
533	496
533	565
533	589
533	819
533	836
533	937
534	543
534	589
534	1001
535	318
535	375
536	571
536	589
536	734
537	249
537	278
537	316
537	412
537	540
537	578
537	581
537	586
537	589
537	592
537	819
537	828
537	952
538	541
540	537
540	538
540	578
540	589
540	592
540	682
540	683
541	539
541	735
542	589
542	819
542	828
543	589
543	750
543	1001
544	171
544	546
544	562
544	592
544	735
545	547
545	589
545	1001
546	544
546	589
546	736
547	249
547	367
547	589
548	546
548	593
548	738
549	520
549	589
549	1001
550	227
550	249
550	365
550	506
550	519
550	551
550	589
550	819
550	861
550	863
551	196
551	207
551	249
551	589
551	736
552	197
552	589
552	592
553	509
553	589
554	553
554	819
555	174
555	249
555	259
555	278
555	285
555	308
555	334
555	381
555	471
555	503
555	532
555	556
555	562
555	578
555	589
555	735
555	738
555	819
555	830
555	836
555	861
557	192
558	559
558	735
558	819
559	32
559	589
559	592
560	249
560	585
560	589
560	819
561	249
561	562
561	589
561	819
561	997
562	171
562	228
562	239
562	249
562	261
562	266
562	278
562	312
562	364
562	365
562	419
562	453
562	548
562	555
562	558
562	560
562	561
562	563
562	589
562	609
562	632
562	659
562	692
562	731
562	736
562	738
562	811
562	818
562	819
562	830
562	854
562	899
562	984
562	1008
562	1026
563	557
563	735
563	962
564	84
564	364
564	365
564	571
564	589
564	674
564	733
564	735
565	69
565	249
565	278
565	364
565	365
565	533
565	574
565	585
565	589
565	700
565	731
565	734
565	738
565	819
565	830
565	892
565	937
566	568
566	733
567	249
567	589
567	819
568	249
568	416
568	566
568	570
568	589
568	734
568	796
568	797
568	798
568	799
568	800
568	801
568	802
569	568
569	819
570	27
570	28
570	29
570	30
570	31
570	33
570	34
570	81
570	240
570	249
570	363
570	417
570	568
570	589
570	708
570	736
570	803
570	804
570	805
570	806
570	807
570	808
570	809
570	819
570	863
571	81
571	564
571	589
571	708
571	731
571	863
572	320
572	512
573	84
573	104
573	166
573	249
573	589
573	734
575	576
575	819
576	251
576	830
577	249
577	575
577	589
578	249
578	537
578	583
578	635
578	735
578	738
578	819
579	537
579	589
580	505
580	830
581	582
581	584
582	394
582	404
582	412
582	460
582	581
582	589
582	592
582	784
582	902
583	249
583	578
583	588
583	589
583	866
584	585
584	735
585	249
585	310
585	348
585	444
585	448
585	562
585	582
585	584
585	587
585	589
585	592
585	617
585	661
585	736
585	819
586	50
586	249
586	255
586	258
586	278
586	296
586	316
586	363
586	403
586	415
586	497
586	502
586	537
586	542
586	578
586	583
586	589
586	592
586	738
586	819
586	830
586	833
586	1015
586	1031
587	585
587	904
588	414
588	578
588	583
588	589
588	738
588	819
588	830
588	1028
589	0
589	8
589	9
589	12
589	39
589	40
589	42
589	45
589	46
589	67
589	74
589	78
589	80
589	81
589	84
589	92
589	102
589	117
589	122
589	124
589	125
589	126
589	127
589	128
589	131
589	132
589	135
589	136
589	138
589	139
589	141
589	142
589	144
589	147
589	148
589	149
589	150
589	153
589	154
589	157
589	158
589	160
589	161
589	163
589	171
589	177
589	184
589	187
589	193
589	194
589	196
589	202
589	209
589	212
589	213
589	214
589	215
589	216
589	219
589	221
589	234
589	240
589	241
589	244
589	245
589	246
589	248
589	249
589	250
589	251
589	254
589	255
589	256
589	261
589	263
589	264
589	265
589	266
589	270
589	274
589	276
589	278
589	279
589	280
589	281
589	298
589	301
589	302
589	303
589	308
589	312
589	313
589	315
589	316
589	323
589	325
589	327
589	329
589	332
589	333
589	334
589	335
589	336
589	339
589	340
589	341
589	342
589	343
589	344
589	345
589	346
589	347
589	349
589	355
589	364
589	365
589	366
589	372
589	373
589	374
589	375
589	377
589	379
589	382
589	383
589	385
589	390
589	391
589	392
589	401
589	402
589	407
589	410
589	411
589	414
589	418
589	423
589	425
589	430
589	431
589	435
589	438
589	440
589	456
589	457
589	462
589	463
589	465
589	466
589	473
589	474
589	476
589	479
589	480
589	485
589	486
589	487
589	488
589	489
589	490
589	491
589	492
589	493
589	494
589	495
589	498
589	501
589	502
589	507
589	509
589	510
589	511
589	513
589	519
589	521
589	524
589	525
589	526
589	528
589	529
589	533
589	539
589	540
589	546
589	550
589	551
589	552
589	553
589	557
589	559
589	562
589	564
589	565
589	567
589	568
589	570
589	571
589	573
589	583
589	585
589	588
589	590
589	592
589	593
589	594
589	595
589	596
589	601
589	603
589	605
589	606
589	608
589	617
589	618
589	623
589	624
589	625
589	630
589	632
589	635
589	636
589	638
589	639
589	641
589	642
589	650
589	651
589	656
589	658
589	659
589	668
589	670
589	673
589	674
589	686
589	688
589	691
589	696
589	703
589	704
589	706
589	708
589	709
589	727
589	729
589	731
589	733
589	735
589	736
589	738
589	739
589	740
589	744
589	751
589	755
589	756
589	758
589	762
589	764
589	767
589	768
589	780
589	781
589	782
589	783
589	787
589	788
589	789
589	790
589	791
589	792
589	793
589	811
589	817
589	819
589	821
589	827
589	830
589	832
589	833
589	834
589	836
589	843
589	853
589	855
589	861
589	862
589	863
589	867
589	869
589	877
589	883
589	890
589	891
589	892
589	897
589	901
589	905
589	906
589	910
589	915
589	930
589	932
589	934
589	935
589	937
589	939
589	941
589	944
589	945
589	946
589	953
589	962
589	977
589	984
589	992
589	998
589	1003
589	1015
589	1020
589	1022
589	1024
589	1026
589	1028
589	1031
589	1032
589	1034
589	1035
589	1037
589	1038
590	81
590	589
590	708
590	863
591	435
591	592
591	639
591	733
592	0
592	1
592	2
592	3
592	4
592	5
592	6
592	7
592	11
592	13
592	14
592	15
592	16
592	17
592	18
592	19
592	20
592	21
592	22
592	23
592	24
592	25
592	26
592	27
592	28
592	29
592	30
592	31
592	33
592	34
592	40
592	41
592	43
592	50
592	51
592	52
592	53
592	54
592	55
592	56
592	57
592	58
592	59
592	60
592	61
592	62
592	63
592	64
592	65
592	66
592	71
592	72
592	79
592	85
592	86
592	88
592	91
592	95
592	96
592	97
592	98
592	99
592	104
592	107
592	108
592	110
592	112
592	113
592	114
592	116
592	118
592	121
592	123
592	129
592	130
592	133
592	134
592	137
592	140
592	143
592	170
592	171
592	176
592	178
592	181
592	182
592	187
592	190
592	194
592	198
592	203
592	207
592	213
592	222
592	223
592	224
592	225
592	226
592	233
592	240
592	244
592	245
592	248
592	249
592	253
592	258
592	261
592	262
592	265
592	266
592	269
592	270
592	271
592	275
592	278
592	279
592	280
592	282
592	283
592	284
592	296
592	298
592	302
592	303
592	308
592	310
592	312
592	316
592	325
592	328
592	331
592	332
592	333
592	334
592	335
592	338
592	348
592	349
592	352
592	363
592	364
592	365
592	366
592	367
592	372
592	375
592	376
592	377
592	379
592	381
592	382
592	383
592	386
592	387
592	390
592	391
592	392
592	395
592	400
592	405
592	407
592	409
592	413
592	414
592	422
592	424
592	428
592	429
592	430
592	431
592	458
592	461
592	462
592	463
592	474
592	475
592	478
592	480
592	481
592	485
592	486
592	488
592	489
592	491
592	493
592	494
592	502
592	503
592	504
592	506
592	511
592	512
592	514
592	515
592	516
592	517
592	518
592	519
592	521
592	522
592	532
592	537
592	544
592	546
592	550
592	551
592	553
592	554
592	555
592	559
592	562
592	564
592	565
592	567
592	568
592	570
592	571
592	573
592	576
592	578
592	583
592	585
592	589
592	590
592	593
592	594
592	597
592	598
592	599
592	600
592	604
592	606
592	608
592	610
592	615
592	621
592	623
592	624
592	628
592	631
592	632
592	635
592	636
592	637
592	638
592	640
592	641
592	642
592	643
592	644
592	647
592	650
592	651
592	652
592	653
592	654
592	659
592	662
592	663
592	666
592	668
592	674
592	675
592	678
592	679
592	680
592	681
592	682
592	683
592	684
592	690
592	692
592	693
592	694
592	696
592	698
592	707
592	710
592	711
592	712
592	713
592	714
592	715
592	716
592	717
592	718
592	719
592	720
592	721
592	732
592	733
592	734
592	736
592	737
592	738
592	739
592	740
592	741
592	753
592	757
592	759
592	760
592	766
592	767
592	772
592	773
592	774
592	775
592	776
592	777
592	778
592	779
592	780
592	787
592	788
592	789
592	790
592	791
592	792
592	793
592	795
592	796
592	797
592	798
592	799
592	800
592	801
592	802
592	803
592	804
592	805
592	806
592	807
592	808
592	809
592	812
592	819
592	823
592	828
592	830
592	833
592	836
592	838
592	840
592	842
592	843
592	855
592	857
592	858
592	859
592	860
592	861
592	863
592	867
592	871
592	872
592	873
592	889
592	892
592	900
592	903
592	904
592	910
592	912
592	915
592	918
592	927
592	937
592	938
592	939
592	941
592	945
592	954
592	977
592	979
592	980
592	981
592	982
592	984
592	989
592	994
592	1000
592	1006
592	1010
592	1013
592	1015
592	1020
592	1021
592	1022
592	1023
592	1024
592	1026
592	1028
592	1029
592	1030
592	1031
592	1032
592	1035
592	1038
593	592
593	693
593	694
593	751
593	952
594	213
594	387
594	589
594	903
597	195
597	249
597	334
597	364
597	562
597	589
597	592
597	672
597	738
597	819
598	257
598	589
598	692
598	937
599	278
599	589
599	592
599	595
599	596
599	781
599	790
599	799
599	821
599	830
600	278
600	589
600	601
600	603
600	791
600	800
600	830
601	365
601	589
601	600
601	602
602	134
602	479
602	821
603	28
603	150
603	240
603	364
603	589
603	600
603	646
603	776
605	160
605	240
605	364
606	249
606	589
606	819
607	249
607	589
607	814
608	249
608	278
608	589
608	611
608	819
608	830
609	610
609	819
610	589
610	608
610	734
612	589
612	766
612	910
613	511
613	589
613	766
614	249
614	589
614	607
615	592
615	1019
617	481
617	585
617	589
617	734
617	895
618	249
618	313
618	365
618	589
618	736
618	815
618	914
619	249
619	589
619	816
620	84
620	573
620	733
620	735
622	133
622	479
622	625
623	213
623	278
623	589
623	625
623	830
624	430
624	589
624	635
624	638
624	734
624	819
624	830
624	1028
625	365
625	480
625	589
625	622
625	623
626	592
626	819
626	864
627	40
627	106
627	350
627	861
627	940
628	236
628	261
628	364
628	564
628	592
628	736
628	910
629	549
629	589
629	1001
630	196
630	589
630	734
631	278
631	641
632	146
632	249
632	278
632	562
632	589
632	633
632	819
632	830
634	261
634	609
635	403
635	504
635	537
635	589
635	638
635	734
635	819
635	1030
636	589
636	592
636	977
637	731
638	249
638	589
638	624
638	635
638	866
638	873
639	435
639	505
639	580
639	761
639	830
639	999
640	249
640	500
640	536
640	589
640	592
640	819
640	902
641	249
641	589
641	631
641	635
641	819
641	830
642	249
642	589
642	819
643	354
643	830
644	240
644	249
644	589
644	645
644	646
644	819
645	240
645	662
646	240
646	663
647	643
647	819
648	363
648	589
648	644
649	451
649	589
649	629
650	589
650	734
650	861
650	863
651	589
651	708
651	861
651	863
652	655
653	52
653	249
653	589
653	652
653	819
653	1010
654	249
654	265
654	589
654	653
654	819
654	1014
655	266
655	562
655	652
656	8
656	733
657	9
657	482
657	589
657	651
657	733
657	734
657	876
658	521
658	550
658	589
659	249
659	278
659	589
659	660
659	819
659	830
661	585
661	589
661	650
662	5
662	7
662	249
662	472
662	589
662	592
662	596
662	614
662	819
663	249
663	589
663	819
664	363
664	589
664	648
665	249
665	589
665	664
666	589
666	665
666	1001
668	12
668	249
668	278
668	364
668	508
668	589
668	592
668	669
668	819
668	830
670	589
670	1037
671	147
671	148
671	149
671	150
671	153
671	154
671	157
671	158
671	160
671	161
671	163
671	215
671	240
671	241
671	364
671	365
671	672
672	365
672	671
673	364
673	589
673	734
673	861
674	364
674	511
674	589
674	592
674	708
674	734
674	736
674	753
674	861
674	863
675	229
675	249
675	365
675	550
675	589
675	676
675	677
675	678
675	679
675	681
675	819
675	861
677	512
677	550
677	678
678	249
678	512
678	550
678	589
678	677
678	679
678	819
679	249
679	512
679	550
679	589
679	678
679	681
679	819
680	249
680	550
680	589
680	675
680	681
680	819
681	249
681	550
681	589
681	679
681	680
681	819
682	249
682	589
682	684
682	861
683	540
683	684
683	819
684	478
684	682
684	683
684	819
685	573
685	684
686	74
686	509
686	589
686	592
686	734
687	685
687	861
688	521
688	550
688	589
689	589
689	861
689	928
690	249
690	589
690	819
691	0
691	589
691	700
691	735
692	249
692	275
692	278
692	589
692	592
692	693
692	694
692	695
692	819
692	830
693	249
693	589
693	592
693	692
693	819
693	952
694	249
694	589
694	592
694	692
694	819
694	952
695	499
695	589
695	937
696	249
696	589
696	819
697	637
697	819
698	861
698	910
699	637
699	819
700	79
700	202
700	419
700	458
700	691
700	733
700	736
700	892
700	937
701	702
702	364
702	701
702	827
703	589
703	692
704	589
705	706
705	861
706	478
706	589
706	734
707	249
707	589
707	819
708	436
708	589
708	592
708	709
708	738
708	744
708	752
708	910
708	946
709	364
709	417
709	441
709	564
709	589
709	626
709	708
709	733
709	735
709	753
709	768
709	861
710	249
710	481
710	500
710	589
710	592
710	819
710	902
711	219
711	589
711	650
711	656
711	661
711	733
711	735
712	280
713	712
714	715
715	265
715	280
715	281
715	712
716	265
716	281
716	715
717	716
718	281
718	717
719	718
720	265
720	715
721	265
721	716
722	262
722	265
722	589
722	720
722	721
722	723
722	724
722	725
722	999
723	265
723	726
724	262
724	713
724	720
725	262
725	265
725	714
725	717
725	721
726	265
726	719
727	34
727	163
727	240
727	364
727	589
727	662
727	663
727	773
727	980
731	213
731	266
731	329
731	562
731	565
731	571
731	589
731	637
731	822
731	823
731	843
731	892
731	941
732	249
732	740
732	819
732	830
733	10
733	41
733	69
733	84
733	88
733	97
733	98
733	99
733	111
733	115
733	151
733	152
733	155
733	156
733	159
733	162
733	165
733	167
733	171
733	176
733	187
733	196
733	211
733	213
733	216
733	218
733	249
733	253
733	278
733	325
733	364
733	416
733	418
733	425
733	478
733	502
733	509
733	562
733	566
733	567
733	571
733	589
733	592
733	608
733	651
733	656
733	657
733	700
733	734
733	735
733	737
733	738
733	741
733	753
733	765
733	771
733	779
733	786
733	819
733	859
733	861
733	886
733	895
733	910
733	911
733	912
733	923
733	925
733	994
733	1006
733	1009
733	1021
733	1028
733	1030
734	8
734	9
734	40
734	81
734	117
734	187
734	196
734	202
734	216
734	274
734	323
734	327
734	336
734	346
734	347
734	365
734	401
734	410
734	418
734	425
734	435
734	466
734	476
734	480
734	501
734	513
734	528
734	551
734	568
734	571
734	573
734	589
734	591
734	592
734	603
734	605
734	617
734	630
734	639
734	650
734	656
734	674
734	686
734	706
734	708
734	727
734	729
734	733
734	736
734	738
734	745
734	755
734	758
734	762
734	781
734	819
734	863
734	869
734	883
734	932
735	67
735	68
735	69
735	120
735	153
735	154
735	157
735	158
735	160
735	161
735	163
735	186
735	196
735	208
735	213
735	220
735	241
735	261
735	264
735	313
735	364
735	417
735	419
735	544
735	567
735	584
735	589
735	691
735	733
735	736
735	738
735	819
735	823
735	861
735	878
735	910
736	45
736	46
736	78
736	81
736	92
736	122
736	124
736	126
736	127
736	128
736	131
736	132
736	135
736	136
736	138
736	139
736	141
736	193
736	196
736	219
736	221
736	313
736	315
736	323
736	327
736	336
736	401
736	410
736	457
736	480
736	498
736	501
736	519
736	539
736	546
736	551
736	557
736	559
736	562
736	570
736	571
736	573
736	585
736	589
736	592
736	594
736	603
736	605
736	618
736	628
736	630
736	635
736	700
736	708
736	727
736	734
736	735
736	738
736	745
736	755
736	758
736	762
736	781
736	783
736	819
736	843
736	863
736	869
736	891
736	892
736	897
736	932
736	935
736	937
736	953
736	962
736	998
737	732
737	738
738	249
738	278
738	308
738	334
738	555
738	562
738	589
738	592
738	733
738	735
738	819
738	830
738	977
739	249
739	589
739	819
740	204
740	438
740	589
740	732
740	830
741	589
741	733
741	737
741	738
741	740
741	830
741	867
742	481
742	593
742	977
743	589
743	592
743	729
743	733
743	735
743	745
744	589
744	592
744	709
744	733
744	738
744	745
744	862
745	589
745	592
745	709
745	744
745	862
746	589
746	747
746	999
747	589
747	749
747	999
749	589
749	748
749	999
750	589
750	746
750	747
750	749
750	999
751	88
751	97
751	98
751	99
751	110
751	181
751	210
751	216
751	270
751	321
751	346
751	347
751	364
751	383
751	418
751	425
751	481
751	486
751	500
751	502
751	536
751	546
751	564
751	565
751	589
751	592
751	593
751	612
751	613
751	626
751	709
751	711
751	733
751	735
751	738
751	745
751	752
751	780
751	819
751	831
751	832
751	859
751	862
751	902
751	903
751	910
751	977
752	593
752	751
753	91
753	249
753	261
753	312
753	352
753	364
753	365
753	589
753	674
753	733
753	795
753	861
754	137
754	479
754	756
755	154
755	240
755	364
755	589
755	760
756	365
756	480
756	589
756	754
756	760
757	278
757	589
757	758
757	792
757	801
757	830
757	906
758	31
758	240
758	777
759	278
759	589
759	762
759	764
759	793
759	802
759	830
760	278
760	589
760	755
760	756
760	830
761	81
761	164
761	364
761	830
762	30
762	240
762	778
763	140
763	479
763	906
764	365
764	589
764	759
764	763
765	187
765	261
765	733
765	818
766	178
767	249
767	303
767	353
767	364
767	589
767	819
767	855
768	589
768	769
768	830
769	364
769	768
769	845
769	1015
771	334
771	770
772	1
772	27
772	72
772	249
772	339
772	409
772	589
772	819
772	830
773	2
773	34
773	108
773	249
773	345
773	589
773	819
773	830
773	980
774	3
774	33
774	107
774	249
774	344
774	589
774	819
774	830
774	981
775	4
775	29
775	86
775	249
775	341
775	589
775	599
775	819
775	830
776	5
776	28
776	85
776	249
776	340
776	589
776	600
776	819
776	830
777	6
777	31
777	96
777	249
777	343
777	589
777	757
777	819
777	830
778	7
778	30
778	95
778	249
778	342
778	589
778	759
778	819
778	830
779	278
779	810
779	830
780	589
780	734
780	779
781	29
781	161
781	240
781	364
781	589
781	599
781	775
782	440
782	830
783	278
783	589
783	822
783	830
784	278
784	819
785	581
785	589
785	784
785	902
785	952
786	589
786	593
786	734
786	819
786	859
786	860
787	13
787	53
787	249
787	409
787	589
787	819
788	14
788	54
788	249
788	589
788	819
788	980
789	15
789	55
789	249
789	589
789	819
789	981
790	16
790	56
790	249
790	589
790	599
790	667
790	819
791	5
791	17
791	57
791	249
791	257
791	368
791	472
791	589
791	600
791	819
792	18
792	58
792	249
792	589
792	757
792	819
793	7
793	19
793	59
793	249
793	257
793	369
793	472
793	589
793	759
793	819
794	593
794	738
794	780
795	71
795	104
795	168
795	226
795	231
795	233
795	306
795	316
795	417
795	477
795	478
795	519
795	528
795	532
795	589
795	647
795	676
795	684
795	685
795	706
795	753
795	819
795	861
795	883
795	907
795	955
795	991
796	20
796	60
796	249
796	288
796	356
796	409
796	515
796	516
796	568
796	589
796	819
797	21
797	61
797	249
797	289
797	357
797	515
797	516
797	568
797	589
797	819
797	980
798	22
798	62
798	249
798	290
798	358
798	515
798	516
798	568
798	589
798	819
798	981
799	23
799	63
799	249
799	291
799	359
799	515
799	516
799	568
799	589
799	599
799	667
799	819
800	24
800	64
800	249
800	257
800	292
800	360
800	370
800	515
800	516
800	568
800	589
800	600
800	819
801	25
801	65
801	249
801	293
801	361
801	515
801	516
801	568
801	589
801	757
801	819
802	26
802	66
802	249
802	257
802	294
802	362
802	371
802	515
802	516
802	568
802	589
802	759
802	819
803	249
803	589
803	796
803	819
804	249
804	589
804	797
804	819
805	249
805	589
805	798
805	819
806	249
806	589
806	799
806	819
807	249
807	589
807	800
807	819
808	249
808	589
808	801
808	819
809	249
809	589
809	802
809	819
811	278
811	562
811	589
811	813
811	817
811	830
812	249
812	589
812	604
812	819
812	830
814	249
814	589
814	619
815	819
815	941
816	363
816	589
816	649
817	261
817	811
818	182
818	364
818	562
818	589
818	592
818	734
818	765
818	786
818	819
819	10
819	82
819	186
819	220
819	242
819	244
819	249
819	265
819	316
819	334
819	365
819	478
819	512
819	519
819	532
819	565
819	570
819	588
819	589
819	592
819	624
819	678
819	679
819	681
819	684
819	734
819	736
819	767
819	770
819	795
819	825
819	830
819	836
819	866
819	898
819	910
819	944
819	1020
819	1028
820	209
820	364
820	365
821	365
821	480
821	589
821	599
821	602
822	188
822	249
822	589
822	731
823	249
823	731
823	819
823	825
823	827
824	589
824	736
824	823
825	316
825	823
826	615
826	738
827	91
827	365
827	589
827	823
827	825
827	911
828	537
828	830
829	111
829	364
829	592
829	734
829	817
830	249
830	316
830	589
830	740
830	768
830	819
830	833
830	845
830	892
831	589
831	812
832	592
832	831
832	910
833	316
833	332
833	333
833	589
833	819
833	830
834	346
834	589
834	733
835	590
835	819
836	249
836	533
836	589
836	819
837	70
838	840
839	589
839	830
839	838
840	841
841	259
841	471
841	562
841	589
841	840
842	249
842	565
842	589
842	819
842	843
843	32
843	249
843	278
843	480
843	589
843	731
843	819
843	830
843	844
845	249
845	278
845	316
845	364
845	562
845	578
845	635
845	740
845	769
845	819
845	830
845	836
845	837
845	839
845	867
845	1015
845	1030
846	364
846	787
847	364
847	788
848	364
848	789
849	364
849	790
850	364
850	791
851	364
851	792
852	364
852	793
853	507
853	589
854	819
854	892
855	172
855	201
855	249
855	548
855	562
855	589
855	767
855	819
855	904
856	593
856	738
856	819
856	857
856	859
857	249
857	589
857	856
858	249
858	589
858	859
859	819
859	856
859	858
859	861
860	249
860	589
860	786
861	44
861	67
861	76
861	213
861	218
861	261
861	264
861	266
861	278
861	364
861	465
861	502
861	589
861	592
861	650
861	698
861	733
861	734
861	795
861	819
861	863
861	977
862	213
862	364
862	417
862	441
862	511
862	551
862	564
862	589
862	626
862	733
862	735
862	753
862	768
862	861
862	863
863	589
863	592
863	738
863	744
863	752
863	862
864	364
864	740
864	830
865	249
865	845
866	245
866	249
866	583
866	589
866	638
866	819
866	865
866	867
866	1024
866	1032
867	278
867	513
867	589
867	819
867	845
867	866
867	873
867	878
867	881
868	299
868	365
869	301
869	373
869	473
869	485
869	490
869	492
869	495
869	589
869	874
870	249
870	298
870	589
870	879
871	248
871	578
871	589
872	427
872	598
873	249
873	589
873	819
873	867
874	249
874	500
874	589
874	733
874	735
874	869
875	249
875	589
875	876
875	877
876	417
876	657
877	589
877	875
878	297
878	398
878	502
878	589
878	867
878	1033
879	1033
880	323
880	393
880	589
880	692
881	466
881	478
881	577
881	867
881	1033
882	481
882	565
882	593
883	478
883	589
883	734
884	861
884	883
885	365
885	421
886	589
886	896
888	278
888	819
888	889
889	589
889	819
889	887
890	278
890	316
890	473
890	589
890	892
891	68
891	589
891	736
891	738
891	861
892	68
892	243
892	278
892	363
892	365
892	513
892	565
892	589
892	592
892	700
892	731
892	736
892	738
892	830
892	846
892	847
892	848
892	849
892	850
892	851
892	852
892	861
892	890
892	893
892	894
892	977
894	589
894	819
894	887
895	502
895	585
895	589
895	617
895	733
897	120
897	249
897	589
897	736
897	898
898	168
898	819
899	51
899	562
899	900
899	910
900	261
900	899
902	592
902	594
902	735
903	249
903	296
903	537
903	589
903	819
903	830
904	249
904	365
904	587
904	589
904	728
904	730
904	819
905	106
905	861
905	940
906	365
906	480
906	589
906	757
906	763
907	506
907	519
908	364
908	738
908	915
909	278
909	830
909	885
910	249
910	352
910	511
910	589
910	698
910	819
910	823
910	863
910	911
910	926
911	316
911	365
911	589
911	701
911	900
911	908
911	910
911	914
912	562
912	910
913	589
913	734
913	912
914	388
914	589
914	910
915	562
915	913
916	861
916	907
917	589
917	734
917	736
917	910
918	249
918	500
918	564
918	589
918	592
918	819
918	902
919	733
919	735
919	762
920	336
920	733
920	735
921	733
921	735
921	932
922	603
922	733
922	735
923	249
923	528
923	589
923	733
923	924
924	417
924	513
925	274
925	529
925	733
926	592
926	753
926	910
927	210
927	249
927	364
927	589
927	819
927	902
927	910
929	143
929	479
929	930
930	365
930	480
930	589
930	929
930	980
931	410
931	733
931	735
932	33
932	149
932	240
932	364
932	589
932	774
932	981
933	337
933	401
933	733
933	735
934	365
934	589
934	929
934	981
935	365
935	900
936	605
936	733
936	735
937	0
937	259
937	364
937	419
937	533
937	565
937	589
937	592
937	700
937	734
937	736
937	738
938	249
938	589
938	819
938	939
939	249
939	940
940	364
940	589
940	819
940	905
940	939
941	69
941	94
941	216
941	249
941	278
941	565
941	589
941	731
941	734
941	738
941	819
941	830
941	943
942	819
942	941
944	589
944	819
944	945
945	82
945	249
945	458
945	589
945	944
947	80
947	592
947	709
947	946
948	727
948	733
948	735
949	733
949	735
949	755
950	733
950	735
950	758
951	733
951	735
951	781
952	735
952	953
953	394
953	404
953	412
953	446
953	460
953	589
953	592
953	692
953	784
953	902
953	952
954	550
954	861
954	955
955	519
955	550
955	819
955	954
956	267
956	278
956	830
957	278
957	305
957	830
958	278
958	309
958	830
959	278
959	314
959	830
960	278
960	389
960	830
961	278
961	556
961	830
962	278
962	563
962	830
963	278
963	574
963	830
964	278
964	611
964	830
965	278
965	633
965	830
966	278
966	660
966	830
967	278
967	669
967	830
968	278
968	695
968	830
969	278
969	813
969	830
970	278
970	830
970	844
971	278
971	830
971	894
972	278
972	830
972	893
973	278
973	830
973	943
974	278
974	830
974	978
975	278
975	830
975	986
976	278
976	830
976	1027
977	278
977	589
977	636
977	738
977	830
977	861
977	978
979	249
979	589
979	819
979	902
979	928
980	278
980	589
980	727
980	788
980	797
980	830
980	930
981	278
981	589
981	789
981	798
981	830
981	932
981	934
982	249
982	589
982	819
983	181
983	593
983	738
984	111
984	179
984	185
984	266
984	278
984	364
984	562
984	589
984	592
984	830
984	986
985	819
985	984
987	589
987	665
987	666
987	1001
987	1015
988	136
988	213
988	989
988	992
989	240
989	589
989	987
990	589
990	722
990	723
990	999
991	735
991	998
992	225
992	240
992	589
992	819
992	988
992	990
992	991
992	993
992	1001
992	1015
992	1016
993	589
993	734
993	992
993	994
994	589
994	1001
994	1017
995	589
995	990
995	1001
996	249
996	589
996	819
996	997
997	249
997	589
997	819
997	1010
998	249
998	589
998	819
998	996
998	1010
998	1014
999	589
999	819
999	1000
1000	995
1000	1001
1000	1012
1000	1015
1000	1016
1001	249
1001	316
1001	460
1001	581
1001	592
1001	952
1001	1015
1001	1025
1002	223
1002	589
1002	1015
1003	512
1003	520
1003	534
1003	545
1003	547
1003	549
1003	589
1003	734
1003	750
1003	955
1003	1001
1003	1004
1003	1006
1003	1015
1004	522
1004	589
1004	1003
1004	1005
1004	1015
1005	543
1005	589
1005	1001
1006	364
1006	554
1006	589
1006	734
1006	1009
1006	1015
1007	1001
1007	1012
1008	562
1008	589
1008	937
1008	1007
1008	1009
1009	261
1009	1008
1010	249
1010	589
1010	819
1010	1011
1011	995
1011	1015
1012	502
1012	1013
1013	235
1013	1000
1014	265
1014	1010
1015	249
1015	819
1015	1001
1015	1024
1016	589
1016	1001
1016	1017
1017	451
1017	589
1017	1018
1018	467
1018	468
1018	470
1018	589
1018	999
1019	257
1019	364
1019	374
1019	449
1019	589
1020	462
1020	589
1020	819
1020	830
1020	1015
1020	1024
1021	270
1021	364
1021	593
1022	364
1022	564
1022	589
1022	734
1022	738
1022	771
1024	537
1024	589
1024	866
1024	873
1024	1015
1024	1020
1025	249
1025	316
1025	381
1025	463
1025	497
1025	562
1025	589
1025	592
1025	819
1025	830
1025	992
1025	1001
1025	1003
1025	1015
1026	145
1026	249
1026	278
1026	562
1026	589
1026	819
1026	830
1026	1027
1028	589
1028	734
1028	819
1028	830
1028	1021
1028	1030
1028	1032
1030	278
1030	562
1030	578
1030	589
1030	819
1030	830
1030	1032
1031	589
1031	819
1031	830
1031	1029
1031	1030
1032	589
1032	866
1032	873
1032	1028
1033	478
1033	513
1033	878
1033	879
1033	881
1034	879
1035	249
1035	589
1035	819
1035	1036
1036	249
1036	589
1036	1033
1036	1035
1037	249
1037	589
1037	1034
1038	249
1038	589
1038	819